1000
2
Variable1
Variable2
2
Confounder1
Confounder2
5.03677215304597 0.00641154580188499 2.57290529180557 -0.119633456794545 -0.166539361628468
4.21663467344988 -1.46107398747598 6.45844510706997 0.576184648594356 0.506311138795876
4.3906146834329 0.0670935531721995 0.960762988907865 -0.431934322857464 -0.245122765443044
5.55731615366575 -0.118101004663795 5.65604789624117 1.51821378891514 -0.386761334987397
3.6332541786388 0.132350661370249 2.24840713369119 0.539583038291084 -0.676403589239492
4.19348477563064 -0.725730279778607 2.65153308682669 1.33639149303175 -1.86856439802032
3.39688468067541 -1.12108423539307 4.94194478260068 -0.916578533273485 0.364628020091063
5.41815388298093 0.276389778468973 1.55015439294913 0.922720736142349 -0.0668334968313967
5.23248013444789 0.182145534789455 2.73625619193968 -1.05982291775425 -1.53359835513076
5.60389957280408 0.155712209749141 0.275325640378236 1.68100554364154 -0.658001144394762
5.04111603593742 0.593116473900015 3.15079026085807 -0.921656432053244 -1.71790794573216
4.48593677676456 -1.0529166043436 1.79456134215793 -0.625920604662609 2.08225966507729
4.83178702620998 1.07612323292968 2.30530422864962 0.434352123717913 1.11015666129797
4.721996146782 0.721306191883894 2.23436261698402 -0.993225407615881 0.53499127831662
5.37293490160878 0.235802780302983 3.35876024572763 0.746544694381052 -0.488981187547126
6.14213471105998 -1.10868948830468 1.23536277243621 -0.0587396249065513 0.681842123963508
5.63817014249075 -1.23170689387734 -0.323902082494033 -0.709286044805976 1.16202845910312
5.08803631849465 -1.17156571491049 5.51380883210728 0.496166608518135 0.0757104603776433
6.14959822868216 -1.06563147373144 4.14980333255337 3.48762721768219 -0.371585211161244
5.63232725797314 -0.731213304827865 1.66394447174225 -2.21925306474718 -0.693739960015984
5.00378517217638 0.132692704765665 0.796505916295649 -0.0301493387595156 1.07803433585711
4.35803543080991 -0.858991929986289 4.74831281582038 1.1188886069346 -0.369938746235598
4.61749861699611 -0.333941528868352 1.51658756628218 0.566781592078994 -1.15020778318631
4.19156924346987 0.287210086738153 3.5793890577671 -0.583712787361515 -1.71268389176781
5.85912200861753 -0.484081981647616 -0.507827087307557 2.21838568654238 -1.03581468324814
6.14231113660848 0.973087221128855 4.03608834841672 -0.447834814780136 -1.29423201611481
4.98564977901091 0.601446561945183 3.89739173515147 -1.03972922996234 -1.200280379667
6.18940341886767 -0.50011995570004 0.0891173726571286 0.0204363006544769 -0.513611777470828
5.02470830869323 0.778596363687043 1.8740783293779 -1.5717105817051 -0.87112823175125
4.02108513756216 0.00907716780180947 2.96400442120626 -1.41440034460421 0.0318080101777395
6.55821410085415 0.722303313474232 0.77768993214592 0.709497914876462 -0.751009700617664
6.15743877727164 -0.887005473726706 0.172417496905362 -0.0813530416214307 1.1638721580911
6.40849340623412 -0.255507395909717 -1.49546330003174 0.649832942047768 -0.508952207938849
5.94803067285184 0.553428341845595 0.881730349454224 -0.413899329464524 -0.183225691892735
2.96783877645149 1.42389411264985 2.71501229129507 -0.307093884334866 -0.966050459415555
6.23019889512305 -0.0982569895131029 5.81896765458797 0.93417385879905 -0.507038276075727
6.51389586258096 0.99717140010046 2.15694026944381 -1.08737746886104 -0.772865282503696
4.39762309575399 -0.333701463061486 1.72842883466822 -0.368819564727853 0.594108278966513
3.95717246163113 0.992164530478261 2.20621256847372 0.844270678714766 0.00646166010453279
4.36625734688347 0.591156108565768 2.27620582921479 -2.25710641055921 -0.426930455344651
5.59064561520669 -0.0341492716003183 1.34343141796471 -0.553036328363094 0.0253130723501302
4.43764943950374 -0.787053857348911 0.604241445756666 -0.368702887908683 -0.524837663786758
4.39683467642878 -0.762917272897329 0.135078894355369 0.397748908474247 -0.588709878137958
4.97698064913515 -1.81528110245592 5.2971143636323 1.67517517106333 -0.215380451715998
5.62805611252373 -0.681217564026437 3.02512218809203 0.855212263418009 -0.766701737410915
6.09905575634632 0.245883906274872 1.10376372471915 -0.0764985350665223 -0.747363591697052
5.59297076669807 0.118334635462906 0.751145466843716 1.07480995481266 0.57952186873438
7.2774112693149 -0.468977247481005 5.68007106564971 0.392373587086904 0.849880894756592
3.49454363824263 -0.3491176154506 -1.89069882416169 1.80498372210723 1.05010935435129
4.14152273658956 0.637943148200875 0.66297309914695 -0.260011861577867 -0.252234602883124
5.5426427305883 -0.516461990694486 2.79572441335915 -1.45697265458653 -1.82901095464984
4.27973670489415 -0.795447293812804 2.8638480441722 0.215930826928983 0.36417961340307
6.33814695481506 0.626690788353961 0.456346668219632 -0.0435611365751404 0.853917643994043
3.76347314721099 1.01864441073712 0.982130709375817 -1.4090048623908 -0.128389574997321
3.28343682847307 0.0652393296470282 4.30678969947873 -2.38920410351108 0.320713307891802
5.12252803222097 0.773055600128656 2.91329171982115 0.553907312467552 0.226491732809613
5.33827282161034 -0.465453776648672 0.577681096247596 0.90179273443968 0.337554846960082
5.8249306223106 -0.134224623154654 6.08731159591705 -0.170283267946143 0.517018643940785
5.67658004657625 -0.308450476856645 3.46891222256107 0.989743037133005 1.81885869589458
5.79138017024344 0.36669390620506 3.18342353854557 -1.3229040928687 0.760697880999621
3.68792906732588 0.51669006847916 3.64036881663828 -0.304261545349247 -0.0428338035428851
6.63724006451955 -1.11906905469692 -1.75583127107172 0.417732328417168 0.736127300958187
4.99890876872219 1.36624229324848 2.17535174831791 2.69003448793424 -0.0988369345993804
4.97100927611295 -1.57111345249071 0.834108598328875 -0.526483252074381 -0.632365133151512
5.18032126812238 1.07432391485733 3.07351961129714 -1.44822623827035 1.28372997017522
2.89207457684595 0.963213428688489 4.530829452845 -0.703194383209778 -0.184683286746927
4.98712741088847 1.15598201876594 1.06704626288617 0.707536891048205 2.20364883626673
5.81449111229964 -0.747708524321172 3.21918655393378 -0.730422159726478 0.0664424170634218
5.79415999744131 0.0942272246542455 2.78503663216129 -0.980309193155216 1.8154862239812
4.28694309922709 -0.0441527467532987 1.2888781549142 -1.48304007655866 0.345530082020455
4.13851985007956 0.217504051714013 3.99020796624945 1.2599788380978 -0.979415497928853
3.58760091440036 -0.998871573329014 0.934236216522212 -0.306332106000226 -0.495970834729907
6.08588461981824 1.82241682066665 1.41230888622465 -0.71348219335465 -0.844155090506748
5.05221534265803 0.110688214085073 1.33398969364872 0.616560740758235 0.325888867370031
2.59943602622694 0.30549205305278 1.41160440382567 0.820730550724867 -0.780392416003237
5.90235769706629 -0.287181242588533 2.68617397488243 0.870557598948655 0.441472123664507
6.06015780906593 0.228095538600691 0.088802711398124 -1.77680221464793 -1.44577485390863
3.46261772365357 0.910570780354623 2.00913670742856 -1.11908164860878 0.00912386102742918
3.32686408291949 -0.214000868837222 -0.765204659054089 0.541593493411178 -1.23105485317715
3.72653434071311 0.512749969151152 -1.68171370315418 -0.785275839915764 -0.102696093937597
4.69856371133879 -0.747865220062342 0.674548393121311 -1.52076124966352 -0.00126727561523268
6.42479392615411 0.215684195525165 0.430521072009981 -0.104285305202372 0.980209931691697
3.56434001181736 0.596462968304439 1.33185700442576 -0.937195413076282 -0.492403205044087
5.21025250530901 -0.713326839728626 3.32345387770923 -0.231083416567589 1.53341231028365
4.40723047294018 0.0499060023968627 4.71427405371439 0.850239005306827 0.649246446272399
2.70627434119858 1.07390694181018 4.25627039726672 -0.664929633561163 -0.121511728094069
6.15107638676602 -0.218339885586773 0.241650604034416 -0.326479709759506 -0.365536481545743
4.64902339030145 -0.139224190477414 3.83941470284894 1.14276628180011 -0.367652639365176
4.84803030675408 -0.173532250091665 4.54953533068341 1.09776364077949 0.97140626179554
4.92247972044497 0.126012066119111 3.21614758346412 -0.0929398585862911 0.0664679517775918
5.37357168641855 -0.404346374549724 -1.27456369753134 0.787841270941936 -1.47170866568351
4.14774273913305 -0.679859826063273 -0.160535160347499 1.74840342537466 -0.880446613353746
5.94094549572085 1.38844379011101 2.17531604904256 0.0083391128091239 -0.225944942122397
5.78715930256819 -0.66394919794128 0.807620320574424 1.10847510006052 -0.0234807410604359
3.78009602713728 -0.103095557925653 2.02536963610031 -0.865604621834491 0.546297777563455
5.24531404637349 0.582032470869866 1.61904098880498 0.843776048873139 -0.705179963396636
3.16820565571349 -0.577349021375521 1.55944106560834 -0.500488077016242 -0.190602122683364
5.00816482767403 0.718882713887498 2.26449918769112 1.0940497971814 0.336102836452561
6.10055533003715 1.0258632435604 1.10692145704424 -0.953178034625153 -0.177037680365942
3.3011195535889 -0.147896184579131 -1.03745575866303 1.04734538992244 0.028956115433967
5.13689569137277 0.750371058846927 2.55012977761694 -0.742742660607277 -0.449888557895272
5.1268057162279 0.524964900719103 2.65342311988483 0.800434945158663 0.422352445097229
7.27409466574173 -0.413096277429481 3.19444762011296 -0.168952586044058 -1.50901668644807
4.73228457081526 -0.837209884465384 5.96538601470459 -0.912648293446289 1.75971770753111
4.4024338537056 0.613077641093992 -0.0967290793764786 -0.602453438124201 0.380736921084661
5.75526133798145 0.588276892439957 1.40767798678046 -0.683911587911917 -1.95404834751588
1.98084539212122 1.62564807885502 4.08305438639119 -0.516218653843494 0.911584775350431
2.44520118096526 -0.311870381437412 5.1299511969006 0.631154989525029 -1.02846085980584
5.35376971193972 -1.03165901921098 3.00754017078533 0.714869907537429 0.226305516502243
1.90940519565294 0.193349624285253 0.448340810742802 0.444099938931942 0.026283616970558
3.65015762308043 -1.22887833089467 3.08989927632887 0.925857362078588 -0.0123139670634329
6.61172051471826 0.257453410047471 2.92209582502318 1.00463323019883 0.571051771760035
6.06490546058762 -1.71063912781994 2.63832044513175 -0.239087503767485 0.452942496927897
5.73125529136269 0.88409449580529 0.535528360543553 0.0124288015815658 2.23749116209351
3.99704597447657 0.339884206948609 -0.634648709009598 -0.243226709254149 2.75509127869128
4.64868730577678 0.498126377561127 4.05644060014681 -0.50338197910833 0.793839780945406
4.42086959030713 0.832834017663305 -0.207005322637857 -0.820633893119407 0.034765769575868
3.89934048730022 0.6200857125703 0.839843992575929 -0.138360421662438 -0.430355911404436
6.34058157770535 -1.43394762462058 3.17751683672868 1.26580716688845 -0.217321357738892
5.42219189350599 0.654543280482783 1.79742849556538 2.16096009015759 0.592253676424289
2.5217142518228 -0.439787962570265 2.93907397190644 -1.44964733021764 -0.753846592988907
4.24261598547727 0.588418994844129 1.95194158130334 -0.26396679674167 -0.501885901715239
5.78802160437062 -0.862817710786218 3.95430358683157 -0.572492233926823 1.03456620339342
4.17813997299643 0.419666276719503 0.507461648543639 -1.20565196209245 3.12745494506426
4.60477000599139 0.172136606962357 6.28752870669673 -0.28276921819587 -1.29040414743966
6.38791967463273 0.435252804261051 -0.784596487209408 -0.606152539360602 -0.3464525019068
4.02561257726734 1.02628578307063 3.24017230232346 -0.395902413961644 -0.726050953796821
5.54489272236133 -0.595588104979329 3.05527397067722 -0.205157307957129 1.45370578733229
5.06259949131419 1.15268870346758 -0.731495112862752 -0.349403360588627 0.488493699152076
5.96276715633192 1.84189592807712 -0.194836020843375 -0.495136673935709 -0.790509438879856
4.76968892021244 0.311602395190164 1.18029258399666 -0.419792216393889 1.69067844364673
4.27003871653772 0.121306588766099 4.052862509429 1.77202366787154 0.535554451417587
5.80017586569203 0.730654422371285 3.85016992421221 -0.0791590823929788 0.679456698256305
4.97112091038925 -0.543735240474918 -0.679163487690694 1.39144838728799 0.584331737563899
2.89277197125642 -0.164284127308165 0.636206696995324 0.145270970694748 -0.257797730817605
4.95363869304918 -1.15248378977785 4.27729747525631 1.59697481479489 0.4168376959142
5.15738930867172 -0.00773041155502965 -0.162456135398656 0.586340840426259 0.769787011726059
2.05873526556237 -0.858373300015322 1.29500677246814 1.33264514623693 -0.26993933747167
5.5652486839727 0.172223728849118 -0.637152184045262 -2.19875410125322 0.362582917499467
4.75908311880597 -0.562917880152546 0.589496030974756 1.23751654360942 0.579773243309165
4.76244499414068 -1.24872519989622 -0.320142942302422 -1.52867747095725 0.236805462913738
4.08080160784334 -0.16038969556606 3.37859656884761 -0.616476780518125 0.665285139119319
2.47490936906947 -0.523402232684724 0.993127676500978 0.376973483852989 0.328346105314185
6.33904719798876 0.395584172664066 -1.84612062165693 2.25782096004866 -0.0454677295913205
6.90364668218082 -0.230778380618813 0.439282571221343 0.163338093236866 -0.201781630432164
2.99217662159035 0.300309673706296 2.13736063664146 0.681793528191856 0.879431548724921
4.50534874414052 0.255378344926904 0.972652421265551 0.282431521690635 0.448148938734356
4.12525537515126 -0.239523305799381 1.26923332365783 -0.191120512770216 1.22757242587101
4.73842201393389 1.055599235007 0.606684176202306 0.374814045037796 -2.03014947153474
5.23112367041703 1.02528157189885 1.87185389171305 0.0380889052275831 -1.72828513935088
4.87011468919058 -0.0223471705831891 3.79741700744725 0.352366907439429 0.331173620625171
5.19678548222413 -0.459239057375775 4.46506282545373 0.754696865005061 -1.19376489227016
3.61002519333661 1.37715630705749 -0.278470492204006 -0.357439575692146 -0.779791380109956
4.55483374203417 -1.06923748597954 1.34140582389612 -0.718522663597038 0.179704513551906
5.36558387341512 -0.721607248910218 2.95632980469964 0.321098282329607 -1.19963300084557
3.75991479426247 0.57500574141305 -1.12417131483341 1.24177296150057 0.133463699723718
3.43483153318778 -1.32411678522408 1.42176023462219 -1.72528805532548 0.373198553340524
4.39166587310961 0.986586702619406 -0.0252357050873759 0.0578239357092663 -0.0503987504415035
5.80045135741564 -0.0523718468027956 3.31383478760764 -0.257618217472262 -1.56125766686636
4.98610250383322 -0.0241479606985527 2.0406599768395 1.05045255963084 -0.266418726724815
4.06175384441557 -0.0327404825594226 -0.113891187396133 0.103425741733623 -0.10288890712123
6.25087456839959 0.504431721019169 0.215674332115207 2.40407768443964 -1.91583632253951
6.225328037459 -0.438769544316385 2.25876571515055 -0.680024865665965 -0.208735780637359
5.22571265937084 0.215257683546909 -0.281812251259459 -0.419252463532041 0.550025167424903
5.18319019128782 -0.471643289522002 3.54737733526198 1.30950431966376 -0.0487310951960609
5.17912559823654 0.381883269563538 0.517727552162928 -1.21377724602227 1.20881494764957
5.10751746984472 0.261424311198396 1.31160029946635 -1.09947626210622 0.48080224898426
3.93090897530691 -0.0648162207243343 -0.232345664383805 -2.16458620800495 1.62318758433234
4.34519126264331 -0.319419128797724 2.65457960816799 0.540283620415997 -0.175970101059556
5.08124030636824 -0.483856515850292 1.66126500834964 0.436722467955167 0.701623927378575
4.12951159760883 1.0509844329309 1.45476147186333 0.484918162545863 -0.569645487751231
5.97585791395109 -0.650810691725903 2.32579803015536 -1.69487157974969 0.195402961858616
4.00356351964196 0.336763629947824 3.60833068759422 -1.050972272576 0.282520207732147
5.08250395187849 0.481579352329833 1.61239633343108 -0.768724426058249 -0.0118174946652873
6.38260664384205 -1.075617975525 0.673656302573908 0.273872989543915 -0.571888032663191
6.63631476359461 -0.400673799723698 1.06145477571329 0.307669886608038 -0.303194401964757
5.43005758062152 -1.34956886837291 -0.51007564772868 0.789410531692732 -1.02283188285272
5.60386049170305 0.169996698019355 0.244332471156579 -1.81593174913472 0.587780547284948
5.89464486953358 -0.11844649964106 5.18412316060978 0.917177305932258 0.0109860935876434
5.46720828525908 -0.532487596037459 2.68864743541597 1.34034936450861 -1.27381930984943
5.44653313543468 -0.509753873525534 2.54931660981205 0.40235949175887 0.154459733440946
5.32051933114405 -0.764204106443052 2.2231816050738 1.54049502469757 -0.4479758521699
3.98194298604495 0.47256651328524 -0.50682364928168 0.672473022438204 -0.299979333187412
4.18630179938624 -0.780105310818001 -0.805852020839229 -0.112656439067415 -0.868967480096788
4.17577522227666 0.523468566557799 1.58393715093771 0.303168685864543 -0.0569075484277808
5.30394965282393 0.267268580213047 2.7304991481893 1.66432077189699 -1.78179563452238
5.37183422127282 0.240541470000928 1.35040180659553 0.949662734294246 -1.06959415296702
3.56199377352171 0.133645863821161 1.58948638728053 -0.802685845154555 1.00917175469691
4.96122199021076 -0.101924462454375 0.51219573722632 1.2267715928672 0.199559555202712
4.67968357659294 0.370440124352817 -0.24512314713101 -0.690453972792412 -0.164252824768608
4.0619382168882 0.378076778696589 4.92086212621537 0.42681554397073 -1.70987274935223
4.45169773848484 1.07224016623489 2.33964359987077 -0.0474530762174431 0.30147670697405
7.35134252517765 -0.223764555167939 1.89180504092373 -0.368303374525145 0.683850048648912
5.79728702256443 0.564489482250146 -0.347373443921883 0.488074186916777 0.275150634524041
6.02611492889026 -1.93472065109566 1.57216585813794 1.52108081952441 -0.510451916846727
4.71887609287229 0.0562752292738451 3.42173093248704 -1.37715325472984 -0.924732270084427
4.78827214556644 0.952202180826424 3.6204556357592 -0.654894535585481 -0.441947702344601
5.79812825051092 1.26891183084955 2.46452266591739 -0.117402971821316 -0.358495034668592
4.90327786697975 -0.391352224792681 0.355243982790381 -0.380585149794545 -0.614392337152778
3.6366900551119 0.46749701462203 2.75448712682017 1.07943758727845 -0.602856625908306
1.77885397423699 1.67169416362816 2.57768677598366 0.180294374534079 -0.163503959834025
-0.389734011066025 2.50265445769728 3.4799395363827 0.218456583760547 0.599603867685802
0.348002317565422 4.06101988908026 1.57937232101362 0.35031466157332 -0.786659836819536
0.529118488064765 2.51036556711045 2.4120799855025 0.290040438945054 1.75822502992453
-0.130618447728804 3.66479680512722 1.29539728341207 -0.892110172908427 2.72076911248898
-0.801369033018646 1.7065775046179 2.76745388921144 1.55097320862434 -0.210367918862991
0.198389828241867 1.39277912584408 1.30863132954817 1.76224023546801 -2.07546837667572
0.956124478781801 4.64509047067138 1.31400533396663 -0.793620970065404 -0.748973450692246
-0.390666098343865 3.62187428233857 2.55179518180595 0.0451459796969431 -0.220179537931642
0.966939656112241 2.30866278060678 2.11454645268997 -0.534801663048995 0.276164953721704
1.22920157804768 2.47987443669681 2.16310904367328 -1.49495267926726 -0.109092844839338
-0.0665702591764406 3.28335155537981 1.59233356650948 -0.617852978460116 0.833702099607162
-0.00131692854546195 2.09591899324072 2.94098771564761 -1.28979904217397 -1.7262107451497
-0.957570714363656 2.71369636338349 3.11576993470542 0.254199222830634 -0.359865951505976
0.995903764435898 4.43290758837603 2.70863888881857 1.9626852089919 0.380498414646578
-0.570812965919174 2.49208217132085 2.89661791243236 -0.863296684843829 0.0426696374241869
-0.299041431031331 1.51239612217015 1.88803080499123 1.32283828301667 0.982914773646962
0.764913254327418 3.10467681930264 1.58306541491132 0.0060023187827382 -1.01260298614438
0.145024786680532 3.71532394417029 1.33501289639327 0.319511069613675 -0.0306578598329654
-0.468806020576591 3.20409191980648 3.5509697240475 0.837971179129364 0.0856372221472809
0.297541871143611 2.50238967708784 3.97078033418655 0.158712740243721 1.27961211544767
1.39817710138805 2.15396258049042 2.54490600855784 -0.0120526447645401 0.611866045716245
-0.705278512940283 2.58591901047804 2.18069551520509 0.959706340388242 0.112925418302261
-0.638423630048106 3.47581991563439 1.4642986494284 1.20342016981613 0.72373319667576
-1.00896241113226 2.55099724339067 3.00144100462749 -2.4548645625294 0.591112247695095
1.53654585974131 4.21362293125569 0.83861067536747 -1.46910456973747 0.567355555308136
-0.180104135502974 2.01175958378968 1.2359393505243 0.952586394808857 0.510039678131817
2.33459782537946 3.3509144153536 0.449597389485268 -1.80581464232296 0.0488699292682859
0.164794003101503 1.2090242836777 3.11723411769058 2.48573022468648 -0.0613205678290689
-0.331359035457964 2.0717707784077 0.902928278654125 -2.01787532223757 0.0688679880433106
1.52935739506469 3.61137040278368 3.70134224316596 -2.4045648234385 2.04793581975256
-0.343403161898875 3.77275107638923 2.16379669690001 0.384171688682922 0.26098023848476
-0.571877237820882 3.96040376638541 1.2410253957446 0.452366748060963 0.707072769224101
-1.26111493907324 3.21761039406555 2.23038051899097 -1.01635970116799 0.0485773519665416
0.00703982723575772 2.63304184744945 1.63980661181502 0.840654062370011 -1.62652512752627
0.596195708542123 2.60776679165258 0.976855433702189 0.104301615591596 -0.0234778799483744
0.258648300603535 5.09826032686652 0.807082545842536 0.498749840262817 2.4991957514883
-0.577344887111638 1.20787314827511 1.74760252688046 -0.141408151980636 -1.91883653604181
0.309017803540634 2.73325436355498 0.942925777700703 -0.747100446152766 0.249349190327455
-1.21681910143825 3.1982368224917 1.00386839086603 0.147381087694609 0.0756252344485492
-0.18110459557476 4.44723249698523 2.56035661148702 -1.0725738439649 0.291659626716254
-0.0630610977021729 3.07576100935859 0.845503892029781 -0.546831306432471 0.54671612583642
-0.71245113369618 2.47744145829015 2.80377758307331 1.00393535917041 0.274764563683735
-0.618346810527427 2.80697191157582 2.62418945386631 -0.0727227459447282 -1.58585376136947
0.0944567970397794 2.98511580994242 4.51180631525367 -0.324166203013424 0.347076143180508
-0.751704044687159 4.3807407198103 2.03150936798638 -1.6155905663435 0.929866832067282
2.12729827460457 1.10565966810586 4.12775350107428 -0.443092894393429 0.494159428457508
-1.17839441740685 1.79319834964465 0.399627421977022 -0.338800755879016 -0.747314643961736
-0.461646448535678 2.8315570489932 1.8796387457264 -0.417395115013485 -0.680432206371772
-1.07081303978016 4.05830998942235 0.360105382855187 1.70511336859728 -0.447218417586514
0.941421809592781 2.81091564544772 3.06977929386267 -1.08774249276693 1.55924587108098
-0.92253092607127 1.6602192979021 2.79544818568411 -1.21264391425727 -0.651420078248912
-0.134256556306196 1.19293318261686 2.8042062342823 -0.585390500457874 0.704946842678658
-0.199777081849081 3.38341832298863 1.77116314104285 1.53471756518945 -0.737208223406998
-1.17154726356376 3.42858510325276 2.25723872385603 0.416424308479948 -1.28472365210574
-0.167602264889303 2.25964525810519 0.0639805268629576 0.0134236789955743 1.26130506605899
0.573911642749941 3.3721713289365 2.10200173305871 2.40177083653976 -0.683912927841841
1.01488784088957 2.13232725264211 2.40029900323233 0.696587427789081 1.22072057713708
-0.270280565853814 1.74580484930127 1.38043411285781 -0.233723034266418 0.476945138319789
1.54648928838231 1.9737024628135 1.53961960473581 -0.285490045353255 -1.14195305488273
-0.0491273375344656 2.35919402886398 1.69588089077644 0.735460742578162 0.242209014097661
0.177060430451102 -0.165989555137688 1.24613073649841 -1.62117555513328 -2.289097373201
-1.85957185195659 4.42236536058418 0.769899009445068 -0.445485773682238 0.832658260970748
0.948018053926334 3.90038410005135 -0.4433951030647 -0.921840225875235 -0.431085064845526
-0.0631289096203198 3.70043125384037 2.80722227797943 0.845960650958772 1.38198178406912
0.140004585911033 1.6224240960407 2.11616549574528 0.112276621614819 -1.59628073563282
0.0708709615750472 4.98578804810904 2.18917197869743 0.247777125285708 -0.111186832575233
0.88684092205975 1.83541472724777 1.32549726234072 0.0197817062921618 -0.711751882486779
1.02469999514778 1.55326128558857 1.85260412109179 0.445271067965075 0.816072371815652
-0.378631804290101 2.56238190504183 0.310884919748128 0.618086356891347 -0.483923430462888
0.384570604675828 4.04964185403764 2.69128352735665 -0.343220313484296 -0.159766708443
0.831196431332664 3.97736517540412 1.12713122464105 0.84882775658843 1.40085689140043
-0.636000326425492 2.58158905784362 0.851151524151581 0.286744940043597 0.987401520270219
-0.996553361414716 2.99852747680379 1.92960059361531 1.4525612593811 2.15126383454118
0.231943146456849 1.93927601596765 0.608906569131644 -0.862175929663355 0.797781921142261
-1.34247084925567 3.30412765369105 1.63086656659395 0.131732917417016 1.51269847077565
0.491275534267365 3.17661225425277 2.32709895155572 -1.28304611252566 0.76767368823711
-1.07660752980891 3.16708099111317 2.32309924001891 -0.929917469716713 -2.32980791354722
0.248793414290981 3.35476169038253 1.18035097555195 0.33719809024952 -0.55112446600459
-1.13468403599465 2.39686939037289 1.38334159782078 -1.25434211071783 -0.954566935212331
-0.549507699201606 3.30262048683691 1.26385028328148 1.21123853674634 -0.553328344566222
-1.55793463037818 2.74408419640766 2.40320692888495 1.01923079857257 0.706055753223647
0.00555632090877187 3.24193025447933 2.63576990131992 -0.872097451752909 -1.04706956494957
1.13251858510534 3.18549789703278 2.60843739955633 -0.144309662126378 -1.95794023126708
-0.752296396641269 2.37499070376403 1.35351246365712 0.498250659035063 -1.21180667787884
-0.0739316719467553 3.63882681792359 3.74959045159544 2.56217300416094 -1.24494680169674
-0.11773859557401 2.5154008387182 3.42170394732696 -0.894014528227048 -1.17500979165955
0.463519050180651 2.29939975785252 2.40817769595088 -2.91065964964083 -1.1594793931387
0.979306178643005 4.12512489908974 1.96307130882523 1.28976588063532 -0.380888473339891
-1.30876160924735 4.64919279434903 2.12515435468869 2.70528272030731 1.02931481034231
1.931478025091 4.01519145673339 3.60904061928661 1.8066485020804 -0.0873083372267161
-1.75970709099236 2.08989483512847 0.233709180963386 -0.0447210816903877 -0.563430366289423
-0.776268758499228 3.82545034384178 1.85712286837883 0.0937583415237598 -2.4891919536402
1.97587752814481 4.81007866633828 1.97675996813274 -0.481867202286257 0.0681236344385356
-0.115705571498314 3.11052268687478 2.45700770753213 0.821130942591825 -0.818561461173141
-0.783689957947455 2.56113041162223 3.52680102527831 0.324329848619512 -1.68621058151108
-0.931755305540365 2.1548780155702 2.09031822514897 1.21014952278818 0.606987780431505
0.276702166972533 0.486574166002293 1.74864315195407 -0.183944269544903 -0.213085712869998
-0.079096077939376 1.89955440338233 0.863939510675886 -0.441944709881233 -0.580735877448402
-1.15291616280364 2.64136320367771 3.1564661172045 1.87463085092971 2.07317074659481
2.20798109328631 2.2736245079117 1.67348519169607 -0.894464410073818 1.15355340819807
-2.94549117047654 1.99931207358926 2.41071969487733 1.75894348742132 0.991501986728196
0.728099680185526 2.60271389719525 2.97837823478798 0.893075359960929 1.42830445897377
0.393646773787488 1.69289356146633 0.696054974766938 -0.574552387424119 0.606290590041412
0.123153094862113 4.4514401768785 0.861561303776536 -0.0495846708508308 -1.13541533511231
0.570989009396964 3.60570325598522 1.85814924394059 0.632777639030052 -0.961041546496382
-2.85011037668008 4.43975874371414 3.88410198045448 0.557324505376607 1.50974829115462
-1.26031326705649 2.6618820103022 2.19011458468609 -0.693960613900919 -1.28222843602435
2.94398502594231 5.08797467455348 0.670364277481428 0.677005124896718 -0.187437655115255
-1.4245653319161 2.33545864847185 1.96419015245994 -0.387804845805559 -1.49244292271091
-0.109550691181774 3.18427172448967 2.34355863371887 -0.0378776397448848 0.241812229092479
0.719412240851201 1.67654209495281 2.32338367388954 1.13013317219049 -0.676358064599951
-0.0468775120050302 2.68649475204066 1.32271932433529 -1.016927623819 -2.02342212893142
-0.300265412751275 3.09190925709388 2.56957968602875 -0.721028885164074 -0.988988249863751
0.20076612337898 2.63027184584659 1.84491373464382 -1.03624827476537 1.36840280894782
-0.0150872780478969 4.68822819758385 2.37864964547338 -0.00291109265064664 0.0586291896446035
-1.600640839502 4.18412048259841 1.96516762795858 -0.57393837640185 1.1803593073113
1.10307813219354 1.87948220058049 4.10522471124134 1.80078302999399 -0.151927511199453
-0.629226295582233 2.76700443083852 2.56953441100585 -1.57515046093542 -0.156722946806642
1.28843141890182 3.1916673556059 3.35158805873734 0.538164195412921 -0.518558823611428
-0.277356185479134 0.544951566290447 2.23395644306121 -0.0381499089552803 -0.198624764910989
-0.223768322125812 3.15421748727809 0.264050618380901 -0.139514206749824 -0.60303237745755
-0.503149454006658 1.19430304286117 3.00268301093298 -0.356262274335497 1.95089269820018
-0.459453618873098 2.67855065862859 4.10097411374658 0.61143072974411 1.62706941609217
0.0429034914740123 1.77979276599091 0.176994080580512 0.101318593012448 0.881911801165247
-0.0482975116923146 2.22053232783342 0.444658039263386 0.278778712548546 -0.648975722808855
1.15678023109924 2.09133393267981 3.47935871146085 1.00861409631314 -0.651053051319384
-0.71954767207205 2.03734025921742 1.97803354522748 0.344417174157874 -1.3678572035485
-0.0333668626593288 3.37163989906757 2.09553416418042 -0.804827908064704 2.64255561047853
1.19153418378481 3.7680371981679 1.96737281991328 1.0242875649446 -0.322681184520173
1.38797524375183 3.36125903583418 3.06583083942214 1.45920977389851 -0.0791591437752957
-1.00426166500305 4.31427548818535 2.72171422715463 -0.0615311236492627 -0.678325910459921
0.0581964259963513 4.45472554433232 1.20126830791662 -1.68224349412658 -1.32063181134907
1.5881726627552 2.57178757197796 0.422488785001449 -1.96473268853167 0.750740616521398
1.85410250237822 2.36869777895805 2.33227606587355 0.795982438592785 1.09153221833229
0.708092823757777 2.69307912009257 2.21927991670955 0.294382535307578 3.12920153803122
-0.228981186437961 3.05827431002824 -0.0442611146873944 0.573521322380249 1.19929154803609
1.4358093510073 2.20057594511619 1.90446288043296 -0.828458373423455 0.382134456234777
0.346041378863899 3.46775532744104 1.15049472900525 0.539133384266447 -0.918973171569021
-0.276363075579394 3.4225847760786 1.52126268426443 -0.39885147642852 -0.533186151586237
1.3695269251986 4.41589505586089 2.33189894428206 0.380980319337277 0.255857821154097
2.05200630480172 4.85621858536521 1.57093095897118 -0.137506764781583 0.874862359033662
-0.211762625928263 3.17355900209887 0.0908003795349386 0.305899320729682 -0.0525541871921167
1.13235921830997 3.36838316812769 2.39043346587802 -0.682283336592851 -1.47159844419364
-0.40228124769972 2.44944324990943 2.60741104092219 -0.840986482947903 -0.365161842493684
-1.19294665054963 2.37629939228267 0.777321659037246 0.0813629746857824 -0.405370201475766
-1.59400565242775 3.8546110945267 3.82684919589618 0.79000856370212 -0.111626645133246
-1.06100767350696 4.24825140475398 0.768408801735831 1.23208456588863 0.0829493026697751
0.665271585222494 2.98599219898667 2.27604288331019 -0.546596602924299 -1.10355895388395
0.915507629911196 4.14655896093897 2.02963837352089 -0.936553190227275 0.807896131289556
1.57475863962649 3.90630258353585 2.37226716536853 -0.0534712114804285 0.20679163937007
-0.293493821986035 3.93918984142164 1.28270254816585 -0.625657481848666 -0.348224990424261
-0.818999473349164 2.2553501930476 2.16484322570258 -1.02013293410761 -1.62469016538799
-0.467579058899932 3.05838795676925 2.65924802580151 1.13491186231346 -2.34504228244566
1.84629788266079 3.35568578579852 1.4691164157116 0.650247394305544 -0.120703837481337
0.106173575270162 2.98636490234039 2.49933293504817 -0.381760581382509 1.54798427126607
1.00884847180268 3.70191801886953 1.4909206561047 0.398263852962977 2.93985156154769
-0.731747969677696 3.68136491747302 1.28889121648812 1.05054545512128 -1.16395911388097
-0.140922121953664 3.48184317549638 1.89322422422221 -1.84956259846049 0.316137498618901
0.82068095352633 3.38733571406453 1.71051969325045 0.93862731067494 0.759346426004352
-0.0681467889178297 3.31330405893054 0.200435267909869 0.413039014530045 -0.181821970706642
-0.019231767677137 3.61660389399603 0.852772458981639 1.50685979779642 -0.153482149731397
0.567737096151293 3.4525903133098 2.10466190548475 -0.695861955464671 -0.282560921362279
-0.572259499805153 1.40722530495298 3.54548840108632 -1.93509327124063 -0.595708369757955
-0.129799472395449 2.47507515129172 1.35794971350907 -0.293688015189126 -0.216139184243384
0.446418387647541 2.88270243048278 2.44025435350264 -1.60261057637982 -1.11410697758806
0.531698564138108 1.83034568681044 2.36045458895776 -0.50435863524091 1.20621025791564
-0.751084376100738 3.52392268091903 0.921559663271256 1.40887983231941 0.0357394182577081
0.980792704070778 3.83949591171607 2.27015735459349 -0.000684677392001331 0.543762945208335
1.4874194059703 2.91895715006045 0.688039286749353 -0.0142437518513675 0.557341144491839
1.06993439004101 5.11829143779126 0.442811733628611 0.654627927367056 1.2252567722762
1.00210918545374 4.37408309111407 2.09095556395041 -0.943101383129868 -0.314779867700085
-0.475886219768136 4.93753307746658 2.0454910384342 0.128325574273581 -0.0701569680351038
1.28913041495131 4.35304052581763 0.126182676785338 0.838605066059336 0.682886451729914
-0.195697819706871 2.99806985061606 3.31193372989552 1.00623006156489 -1.22225185611965
0.243140670220312 1.53305353418993 1.04584573884299 -1.00827652283331 0.384847775101964
0.851517870464502 2.5647131459422 0.497211159195008 -0.0336341689530149 0.707685887570437
-1.80533226183117 3.32348630622837 1.27636994715553 1.08166640375297 -0.345349439938819
0.440577890529903 3.57058175002681 1.49611395998401 0.672631689951724 0.0627480095310738
-1.03641073864441 2.95402976533411 0.97907492236844 1.18459753891716 -0.114478001954453
-1.47394121080331 2.15607559295664 1.31835198032911 -1.05357361498422 0.141587998262032
-0.703938421336593 2.70248562448757 3.42113124125279 -0.992102491289949 0.928450325514494
-0.905231257503284 5.37879115028831 3.45847818382523 0.0678162856993585 1.18344614427618
0.356105842905255 3.13304590044148 1.92469986304309 1.17410641461636 -0.071275155027527
-2.0662332422938 2.37195716761724 1.50345296842142 -0.287477357175355 -1.19113993991237
0.254665432398404 2.86367269805807 1.7407990260845 0.636330341458275 0.809618241432885
-0.351295434321943 2.77902836777778 2.8565705161214 0.0564108932447146 -1.08863426127499
0.278808688310702 2.99525268713449 3.37280165698426 1.43252195112755 -0.337878525270793
-0.384036006175428 2.51536696529411 3.42768649540355 -0.755301687228713 -1.14785594330128
-1.75995163942235 3.12118206111176 1.04807452877484 -0.165949043078546 0.540411665706226
-0.736587204206464 3.26345536186375 1.83190556401656 -0.297368324651 -1.45985274210219
-0.597668619274103 2.71097860044537 2.38081711375756 -0.145335706699924 -0.648205222424024
-0.930866163329631 3.03045218627535 2.12206204699996 -0.187953746057821 0.206711280281878
0.0562021971856302 2.99277270350884 2.19157986512352 -1.06622308087033 -1.24838263405659
0.0613200011504796 3.84337879991733 4.76268606546127 0.142169340981484 -0.533047892376473
2.13740599324522 1.35745505042197 2.4775036617527 -0.606417445839656 -1.63195609406644
-0.602618402596271 2.25569761964998 1.62309110418127 1.23094780477619 -1.74369689990891
-0.354473179131995 4.41535714243346 3.15212828452125 -2.34263175181273 0.928820211515559
-0.477345337320626 3.54419561876655 2.60410638874445 0.309549865298701 1.13092595328159
0.679489191222542 2.51670251090803 1.16874569113078 -0.824873448457737 1.01602684202509
2.255213352458 1.901283852122 3.19564540400533 0.618934014736531 -0.141642971461254
0.585294570642138 2.17497631900797 2.83732390353391 -0.68953258733322 -1.5909696524859
1.1730969592165 4.36019986929335 2.24260641519355 0.713667185195598 -0.133397563400602
-0.372073567567445 3.15474345101738 3.05986224566713 1.50872446623012 -0.597469744883374
0.60750675802951 4.71962137184322 1.73696818653075 -1.88501412561435 -1.35420870898901
-0.254697392541469 1.93186410394126 0.643370348763401 0.190767840351441 0.729326729826769
2.39933505850511 2.25960420386815 0.791302830218111 0.679384927852306 0.513235259961137
-0.781915294685396 4.30487161158021 2.43872103477745 0.750049515523476 1.3655004258633
-0.642931347060189 1.03155914250211 1.95109084674166 -0.280746243926095 1.27762682273231
2.45108901604215 3.0282350275133 1.78139541464742 1.14883548005157 -0.624215303411378
0.269701002533861 3.29388228693098 4.22237984295059 -0.56728671847743 0.642919867892253
0.127813049852448 4.48707815161412 2.17619924369376 -0.827233612516188 -0.265745810952973
-0.155159088838736 2.83830021144615 1.6190887359068 1.26104771641735 -2.08572364559087
0.415650277964924 1.82901247169572 2.89238149923792 -0.408513792477942 -1.93677103046374
0.197689671193508 3.16159914406446 1.37958067144992 0.554233522761988 0.207628888700768
0.0933585245583637 1.74850768238226 1.34270106743285 0.0371722895637261 0.494320058480842
-0.662646954983879 2.94495987814333 1.0051166355752 1.73755199489576 -1.9736539537157
-0.222492662614463 3.27848314502905 -0.14337695193846 -2.33689584544243 -1.62868071395131
0.374985187426545 4.62147482889202 2.7363727648137 -0.241746949955191 -0.26635645212288
-1.95334702803788 4.5193361390828 0.857129826625105 -0.467355444045542 -0.574912627189711
0.282767775741741 2.28096922942277 1.47112085341242 0.53536028125296 0.561977566164798
-0.855217046568934 1.70907350978671 1.91472887507598 1.55472580622808 -1.02590245888096
-0.862526258978508 4.11297792993541 2.27161251651733 0.460631396296729 0.977640356817897
-0.904831514150125 3.59253396345577 1.08358162657859 0.878657782469521 0.638421917347596
0.585816150252751 4.50325561120667 1.40617533540545 -0.0172818763372009 -0.432977840891841
0.637441294509508 3.78464776754834 1.50811556251425 0.138279020795996 -0.893351569828853
0.000746221143698308 0.613092256824516 1.84920672160202 0.514237042233427 -0.708706800201086
-1.53523461082152 3.91836215310253 2.82314639387748 -0.536760464506563 -0.336400950929613
-0.291200274676021 2.52498488769315 1.54902302596105 -1.17400458971336 1.5023369804035
-1.16763628030435 4.3206736102021 0.794017819896874 1.7447375867822 1.79686847214003
1.40591019139358 2.26384470215463 1.52396612856279 -0.384099460149071 0.46073165070499
-0.290341270922555 4.14709518929539 1.5490007499798 -1.21743178847868 0.96251116588061
-0.746623423163536 3.58091112410888 1.41237977390099 -0.546554543704541 -0.24830818318737
0.669880608542829 3.26796760979032 2.58396048223767 1.39066015069143 -1.75484857453343
1.44983875756142 1.78145369212343 3.01770193185366 0.683704744348396 -1.97656078297598
-1.3851596030841 3.45195358704024 2.81822712427298 0.603961765837507 0.415537655152344
-0.194253109161117 2.54571769876237 2.78475038048728 -0.193690987560668 -0.109783747825939
-0.446229620583249 2.74751164724723 3.20366567939845 -0.348343317499613 0.175405879310902
-0.785424769671506 3.85743960247489 3.19775591131276 -0.46699296401004 -0.24768540892996
-0.986162238864766 3.52355071801354 1.78471217070759 0.2723758911905 0.412438704530941
0.733929926636108 2.82285355115527 0.62474568922013 1.7946106603604 -0.0346213744433988
-1.26755811446564 2.59815561927444 0.888315094427544 0.609110049285543 0.0345345059115874
0.360133522117565 3.30573437898957 3.85047314904434 0.662073496892632 -0.993951586224741
-0.145119010798118 3.9938540210944 3.4637255145997 -0.383449820386189 -0.282949377548299
-1.31834535785473 2.44651763484731 1.92406581812634 0.135099866309876 0.796951279986554
0.866732875649463 3.98168723905711 1.84856887700466 1.60024932735899 0.98106896704358
0.401231452148117 3.30489019307318 1.1805265035332 -0.243002226276055 0.101137937946723
-0.213499670051269 3.97104215947684 2.48333868015576 -0.109286202233004 1.1962742427572
0.133265390121541 2.94608111396912 0.829036555834242 1.23288188995358 -0.218664438272833
0.0295229819796891 2.47636335773487 1.14707621312171 -1.00800826813408 -0.109020909591528
0.345893620518885 2.73154546469984 3.63559526807039 0.629366529167748 -1.01246605128745
0.235948979999053 3.19419425653304 1.02163492527723 -2.13586408985516 -1.60915063582823
0.529604604982189 1.51591282216084 0.853055840644658 -1.82938101012626 0.309944453273892
0.722393191744733 3.19451568959709 3.28273406740752 -0.259142489795124 -0.187953880516099
1.76791297192713 3.09304602078421 2.57157435432778 0.654970907876736 1.43163005907115
0.881654303523939 4.10175225836627 0.503139180033224 -1.06557944001487 -0.587619290993399
1.2616443794929 3.5072950170398 4.54422614839264 -0.111783300988781 0.148808602851562
-0.309675772756803 4.38067041049356 1.37092239721007 -0.738691289358624 0.689120653400142
0.50633965507543 3.39004731562009 1.55352323315253 0.824449242997109 -1.24882706650873
-1.59148197567358 3.58516472230086 1.47591713412542 2.09176017517213 0.547010312092061
0.235205550033177 3.31142286007693 1.58081203871778 0.343277602663984 0.974857310129355
-0.0693698382306264 4.23371833109813 1.6685781610132 0.943513935160784 -2.59890994969791
-0.383870295478685 3.34742035894487 1.53782526691431 -0.728463778460647 0.847407282401918
0.477979829687531 3.48133291564442 2.16661174807751 0.761498124133173 -1.5134545022572
2.02402579834261 2.7563908446748 2.62473699370927 -1.28551176576562 -1.67485588452107
-0.4778461474024 2.18080697691153 2.50511207724241 -0.377203291343559 0.262464453435645
0.857244432826961 4.30562377885387 2.60123980720414 0.936235346619271 0.103511469097592
-0.441730205522941 3.44251214195535 1.32025524997345 -0.15050863646453 0.301239844587534
-0.613002705982365 3.11567001379377 1.95302195177594 -0.204219284969048 0.749569564011538
-0.350241453634385 2.69759625717165 1.62133537649511 -0.195695605904347 -0.809201842711084
0.63340395071194 3.69598293803396 1.20346676654796 0.794130627581253 -0.415303845682877
0.460896130655699 3.56377008338541 4.13750484569153 0.551567104506166 1.69288248853563
0.11936165075262 1.6372042162393 3.57811520472212 1.09146631069203 0.645450813411259
-0.258025899184862 3.75357625009516 1.56426765868967 -0.0720606709367654 1.04250507074846
0.656673476723282 2.62959491759217 1.94409143588687 -1.75342226876863 -0.433364415546383
-0.375780523019854 4.06761113113116 2.05682781153729 0.745665023095679 0.385877515726797
2.26030386185119 4.20392744177313 1.84788647558016 -0.883401460564649 -0.207805991881713
-0.164019840414587 1.90850390437075 0.43781514177398 -0.889473919829965 -2.35045705894259
0.928177279319607 2.51726354450452 1.61478651231066 0.175143482371499 0.5747229538715
-0.633669199898208 3.62079749314082 2.15670934740722 0.526297914278905 -1.51605656303962
-0.881833262160828 3.38025567391611 2.3437581062954 1.35886206793671 -0.669466982568472
1.24336914373871 4.04471708757832 2.59727404142736 -0.234238832191741 0.195889739186109
1.76333174689578 3.07731468782142 2.3344713946939 -0.881121303904698 -1.07673433493982
0.907946228862117 4.40581020190671 1.17616042706906 -0.403916904980085 0.320672543198462
1.48314539882611 3.99531231940288 3.42261057029146 -0.84141502674661 1.68116175378934
0.988273472071818 3.43932018642621 1.58523484894932 -0.75502402148715 -2.23666457763328
-0.162220561321032 5.08065845383814 1.26939211734733 -0.240780711678059 -0.0230331977769179
0.254692084563895 1.61466883599671 1.71058428350266 0.324067541933355 -1.03963232934729
0.732072116614417 2.98446348588318 1.32217035063591 -0.812124528971118 -0.28127133347044
0.90770346558577 1.67969349666324 1.58472530172491 -0.654108988201186 -1.20168419439721
-1.05403618164219 3.21061297570922 1.41916243692446 -0.915946936686622 1.04662024087226
0.317261313549784 1.78489359105281 1.29190222092279 0.218268494861547 -0.465551729129838
-0.886682878128479 2.26722200469224 1.12599907390395 1.91655302123086 0.182687356152049
-0.360098996947524 1.58566360680547 1.91351677323933 -0.900338316394578 0.653855663069545
0.782448735617974 4.47102292500883 1.4767751282793 -0.247614937127953 -0.713967882084687
-0.284197316142019 1.95444632524996 2.79724713113616 -0.122278788670857 -0.416851020139702
-0.036187557193272 3.13387795385309 1.61831283136217 -0.825445034051057 -0.0732463594765471
-1.28760152411283 1.77572917436796 2.43709176021369 -0.579561001241976 -0.893489475436564
1.11360153067294 1.88506739744563 1.06892940854014 1.11051970142596 -0.177598447653118
0.454879368770086 3.95987308825688 1.230377067326 -0.242633792105499 1.21883087925166
0.465939541185814 0.805637971376166 3.07095581125695 1.38316429395308 -3.36255029428309
-1.28900095923451 2.49804905505824 1.03997134942164 0.683027854756151 0.0372249078236108
-0.161400810620391 1.78737297623013 4.60164223554957 -0.485156508235149 -0.947974583846049
-0.144922666974335 2.41510026395681 1.52630030541297 -0.792949726440733 0.408633556608214
1.19976187880693 3.57984185268908 1.40719165807617 2.72697991208393 0.212902165539589
0.241510778475782 3.32888134990476 -0.513635551955347 -1.86602110321057 1.18185919435621
-1.37735159959307 2.06988751069042 2.95596235578972 -1.2575421072803 -1.01835185137496
-1.13967331386862 2.04739453948552 2.48987487883589 1.10845274396938 0.840118796051255
0.170399972477592 3.14791617228113 0.522823576859513 0.432194236088177 -0.173788993182077
-0.068778244527312 1.64539817727108 1.54243867976975 0.213900078684845 0.932249576158272
-1.96505334378526 3.55736176987277 3.61591105264223 0.0344175339363871 0.156294858612251
-0.181489419936078 2.33036266607713 0.502711366028504 -0.699877694192242 -0.462495627277488
1.41404001230767 4.09073915249218 2.84029188632756 -0.481414123031088 0.794605790589051
-1.53661232649735 4.5654388306159 1.09771255694863 -0.170292595010053 1.24387384085016
-0.975758815699173 2.6155400444487 2.09992923155237 1.2515677199611 -0.628369964986251
3.05853602434956 3.64604416844647 2.25523799269028 0.992325698235833 -1.9562531762419
1.41275697107682 4.59484020663711 2.83601975741078 0.654621787613873 0.115692567118682
-0.0627944770175147 1.72963294483192 0.73010446503042 -0.870647394859086 -0.449206559099503
0.702371884310697 1.82123349894722 2.08471033872754 1.77197226459376 -1.6377564472145
1.497327138298 3.91175699346615 2.67456786394415 1.28059398580488 2.13045238825111
-0.0998996732048532 3.1163906255365 0.648206895037616 0.577428261677349 -1.22771225510009
-1.31168567245742 3.15767014423357 2.27727874192652 0.162221922966647 0.466873145219379
1.89016250818175 0.709446495734159 1.92811391371488 0.336020511187624 0.255607691009145
-0.607843780612954 1.98803807678634 3.07674618423866 -2.07049378929133 -2.86965283639164
-3.11825477966949 2.75356097845273 1.69168366600979 -0.688371304968575 -1.29761480535185
1.39870144246121 4.42729660269715 2.69042679712505 0.5192313676353 0.136027725655636
0.239389016742227 1.22224114129634 1.34523566771446 -0.545273065829195 -1.84630107848
0.777338501104449 2.40625734522459 1.71234979306567 -0.838536128590485 -0.630592565602764
-0.842371759177396 2.5092913781349 1.86341261941454 -0.459620874986831 -0.797752662310183
0.0749507478485611 1.34694517652364 3.66364512797718 -0.0531818764317178 -0.260407604936254
0.459351135324178 3.40640821735381 1.39087872997264 -0.722011184739712 1.17053222841457
-1.03580614687683 5.45158729009942 1.26804349736009 -0.779031730075922 0.431788753995936
1.10407621282161 2.77751091050529 3.34292437612596 1.02087280873369 0.199885226037909
-1.17564172644448 1.31813593164937 2.17028651395629 0.230017760253087 -0.718159150063717
0.985242205090849 2.90328675131311 2.17728409186777 0.37060667814797 0.389645090165407
-0.669297370631457 2.46400579090917 3.1125979769462 0.588590788734878 1.31592440557623
1.72769326034297 4.4091498570427 3.52300117784597 0.274990620464244 -1.08301733703847
1.07251129167711 2.27896744684237 2.57779319168263 0.854867252442048 -0.658244283943213
0.0588772212950646 1.85884177420053 1.75561605806204 -0.75708268360355 0.919972016143019
1.29820654531917 2.42455956409245 1.32175230063523 0.647302597362584 -0.00574696715809803
0.90258525748124 4.98499245420835 2.63307735834262 -0.20518705125412 -0.474821817122298
-0.14984476711395 3.90724173830474 2.91043027363163 -0.34504299814887 -1.54750893226761
0.47384515194043 3.2753620723918 1.03215111322835 -0.935408603649068 -1.11782798128468
0.167986724239038 2.61666079151522 1.36185256794544 1.54395216857987 2.03109054705162
1.49056822300965 1.92060023399932 3.20017069441767 0.211382400008786 -2.38620837256266
-0.680108097811358 2.80385743389334 4.06910424624379 -2.51381586587396 0.241916014088446
-1.67770529743157 0.902482329458312 1.05243989870017 0.159689867799428 1.26009148880691
-0.00872012356052684 3.74201252963547 1.53938524440629 -1.05918792129209 1.49192727856018
-0.133721016077177 5.17840815964864 2.96601536259333 1.00472975504313 0.487481955541256
1.01481817774355 3.41732247244366 0.591376217754853 0.894089440511111 0.58053908742461
-0.817180270197105 2.51847283837267 2.61051469532143 -0.49714971601721 1.00405079679415
0.0803281513785555 2.213797614542 2.57895200890751 1.39566283606266 0.892606632509459
2.25466687610149 2.23742861621075 3.51119582065768 0.0574575193238103 -0.959595360693424
0.902099446166052 3.99336340066993 1.52514275444488 -1.46537682005237 0.228092717523735
-0.259561422863563 2.37174054015885 1.93429611299621 1.00006834585922 -1.79010721636
0.53747617101746 3.46243557552488 0.915922831678389 0.760033587027374 -0.66138362070079
0.141650781338769 2.59671023533302 0.825639963733302 -1.39341886655042 0.022297186586399
-0.490050232336437 3.84800221159982 3.05536383832493 0.451757314408457 -0.20119094766876
-0.927250921180957 3.31424732105025 1.07812077808831 -0.523578892787512 -0.12389499071171
-1.03647931877826 3.28835381480404 1.63151881162767 0.105801673566705 -1.34367994914248
-2.03754750401548 3.09095651840736 2.10698057160892 0.401837223489824 0.0304487417015286
-0.0812334173769081 3.18437936563272 2.74218384146927 -1.34455040746399 -0.537238936446285
-1.33957554357887 3.50347814012475 0.776061649383461 -0.70188915567665 -0.876817364224152
-0.206670086799179 3.52218313977766 2.11062834669444 0.119789463655965 0.768079588431024
0.823801841721878 2.04825349365354 1.64615247492276 0.154195777262882 0.608420337091135
0.923079519365685 3.32592944447027 3.79284895490515 -0.166959612497709 1.42080572051918
-0.0620887849615345 1.84722191150976 0.35912647445096 -1.04728689917121 -0.972766087537181
-0.120906441825904 1.91961522027117 2.01757475973939 -2.40281743258078 -0.404660315585918
0.0260719784163166 1.36324174230037 2.57504489811532 0.33199340729073 0.635634028350964
1.48714623445202 1.1771323356119 2.00290803501788 0.0173890449256631 -0.802941658465339
0.257631738480516 2.95355023775302 1.30980883641456 1.43666855970246 -0.572001831118723
-0.384352279626697 3.72857734559229 1.04824199296243 -0.658423244573014 -0.346555947303325
-0.721051147717919 2.77438318414644 2.96107206754806 0.969882399021172 -0.338819956311133
1.6410824804637 2.42600873863932 2.58722198620421 -0.185406982670969 0.340618496990979
-0.00469093534435217 2.57395699960958 2.55263004283243 0.72625382264136 0.0841040988805951
0.721770271525072 3.81777705797086 1.63148551927885 0.0404487162990122 0.307539667876062
-0.884155620778119 2.02284570877344 0.379478745921014 -1.40550858213969 -1.41628501630523
-0.696307776392817 2.36807315650451 1.19658626746184 -1.79724674435472 0.092204025917142
1.64538444244397 3.09158292426738 2.42821667281093 0.43545622929971 -0.452108619111684
1.17347791194949 1.10522593080579 1.09256713696723 -1.25692022034372 0.575348014742369
1.13092955390149 2.72109276415755 1.8672750539345 -0.448220806217717 0.244768177992566
1.97137073439953 3.91428757851826 2.29962345550339 -0.481366854993844 0.0849330370828132
0.680974466458194 2.30926450023942 1.97593768390791 0.129289836222094 1.0216253058858
-0.383565416081932 3.48322240142625 0.904103197772061 -0.128096681214485 -1.0235392898271
-0.26208557612604 2.18311587765667 2.57799445414834 0.359209691669909 0.657812924457884
-0.113331986015897 3.4899477513549 2.18356380239439 1.16675319173604 1.16981182383305
-1.13590253777361 3.4641494253016 2.36060498155496 -0.0494187822489931 0.636928823525936
0.746043571341681 3.33741318143513 3.14191555608172 -0.500149504850421 -0.281758140189921
1.07445581779939 2.92168239401004 3.10515928344184 0.532052488024252 -0.652949272876761
-0.879218204387273 4.87216879403656 2.24324074632604 -0.785311187266792 -1.23523867174315
0.857952158169451 3.99557996164128 1.75795322903501 0.367716957923697 -0.307570334724101
-0.688904201066898 4.29493254354662 1.5240494755344 -0.786768313536769 -0.757907933720636
-2.34417454723206 4.08007889007365 2.90518009409549 0.981152349781604 0.637128409987133
0.448186176551179 2.00551585249663 1.04468401915119 1.27578807606778 0.0836378859103392
0.290270437178257 3.76208530810947 2.2034602291686 0.907073913180234 -2.03209865728476
2.11795067820948 3.98656344419189 2.53233500504989 2.95671735910293 0.145073021362274
-0.418671822320296 2.13444146515825 1.44397094669502 -0.559781104837605 0.160099310688891
-0.40592355636383 2.33862544630983 1.27169015432901 0.227973920741716 -0.712027268055706
0.337600337994487 3.18877333456041 1.3682133902952 -1.54267994227427 -0.482132309489758
-0.245543521431522 4.26978982686241 0.904057602809135 1.30586941346162 -0.703032421380437
0.538997526312323 4.60487248640958 3.43983970676766 0.205241259303259 1.68966444713116
-0.843679938211299 3.5093018135979 1.23612971209954 0.809291342708535 -0.443313716374362
-1.27783973806795 3.51836018695812 0.510127914921324 0.152297902625121 0.302717275558028
0.538609758274338 2.61451159699436 -0.334223548858186 0.0950297002833556 1.00148889583606
0.645023785430336 1.46886005362687 3.11660813558727 0.347825259877034 -0.500047159043142
1.90735022601151 4.24962490204963 3.899880948748 1.87820858866 -1.198108647037
-0.736764590791321 3.55293228281303 2.50191798672694 -1.59006161896543 1.95359051434249
-1.9469861226957 2.81520197886606 0.59003267371009 1.26554160018063 1.09335397413255
0.674934000670598 2.12103760272765 1.08250861299901 -0.940101122411884 -0.0936478287841113
0.26690178608912 1.99340540888064 2.12607716837303 0.732141351869237 -0.476420186096422
1.30002892525655 2.50502761607183 2.82181895607173 1.00943320215548 -0.750371653376276
-0.718209244108187 1.71662218867395 3.30620023131914 0.842698061801068 -1.17899334388101
0.127589312169682 3.50903645934046 1.48528495103078 0.604508059026983 0.410251964337497
-1.12098763001029 2.95541980477296 2.61758385655122 -0.789448567951486 -1.23767164210825
-0.867891330592165 3.82856238808975 1.04360688457015 1.28675583575679 -0.763006638108047
0.683937774573874 3.07043280855743 2.7465839701905 -0.351022789387114 0.5401400237692
0.642846020739518 2.18377272156003 2.59191168856662 -0.271043714592555 0.5083715137565
-1.38151586200599 4.90162490692648 2.67449131641856 -1.44791638304714 -0.426426316384333
0.993260695862698 4.02942867605064 4.57012812212473 0.46839302841934 0.927068015182736
-0.347825967909937 2.56902170465065 1.49748622149846 0.904376197099811 -0.362515202578374
-2.11749436132342 2.6170541076199 3.04415845253199 1.8560573151008 2.07286333199947
-1.52067788190369 2.73707973374402 2.3772923960847 0.539365836075448 -0.4607977373224
0.42434709344562 5.20198530361303 1.92606918448499 2.18729742411907 -0.528748107375164
0.250852625570002 2.13466933463967 2.7865848111672 0.162105410154516 -0.264877507089226
1.6521041172504 4.15440601311888 1.76052330165124 -0.799710920090644 1.42507667881367
-0.109913705773577 2.68254867558519 1.84072539842884 -0.087314881495979 1.90348764735866
0.422606626314139 3.2752363336244 3.41784286994361 -1.09758628465254 -0.195037224320467
1.1724409814121 3.20135513898682 0.613882650358113 -1.06314850964797 -2.92574509233573
-0.7939271973953 2.41515918980081 2.10720637711233 2.75508241599968 -0.668739694477335
0.184820345937703 4.81422905623239 0.808624236684767 -1.33881586833651 0.81414994149724
-0.0788621712092077 4.67976509287582 1.1829510363628 -0.604296355759413 1.3470966208319
-0.243098602412269 3.2301910033082 1.60649894528651 0.41422823890418 -0.631648761906607
-0.724203205859823 2.93642844281358 2.94088171571376 0.213041867624167 0.544525835726215
1.30230384529963 1.35092631423673 0.224780093593496 -0.521473369289843 0.571906910650689
-0.264880254748796 2.96013686635689 1.55093308475334 0.652057479888379 -0.951694408262497
-0.118355015389065 2.97797976615051 2.15432690621116 -0.615213247357827 -0.249374719109628
0.656702472625154 2.6697021241486 3.18230885264103 -0.28228024028858 -0.290436479638183
0.681716999866712 2.42314701708939 1.88794501523385 -1.51393400396444 -0.494647328608518
0.131077025818601 3.60473896065838 1.94552810966486 -0.444998037847802 0.202372652555302
1.58281249578116 2.69986831282149 1.13854969465652 1.00722253586459 -0.537791642276959
-0.90041271254864 4.78192636266253 2.17133767417453 1.01454335072278 0.328238157788159
1.60934668962689 2.21346966843442 3.4992937138559 -0.0797290563930871 -0.727080120991081
1.13995205319304 4.31208973403663 3.19844554513898 -1.35645753480857 0.945418770022439
-0.938126010359734 3.95842952208598 2.3810183137191 0.145851178210157 0.710041427772382
0.67686889330943 2.18336527314986 2.50984896411463 0.158382975693677 -0.0146589138403804
-0.101021445874482 2.52007303133439 2.42406421028822 -1.82251461314211 -0.853583155179384
-0.138367083755681 0.977280191266322 4.25133562426152 -0.115149323506028 0.794562268672702
0.346293084007443 4.39959900457099 2.42632663006428 1.66690720032918 0.506740362062195
0.105009936238775 3.15853507991833 1.49252784845346 0.248982447576972 3.27170830240282
1.73607770909881 4.29962625323981 1.67200336499581 -0.807496437831961 -1.8528971392901
-0.385394749406199 1.47588617119437 1.19994956196476 0.835710595610012 0.17421926141477
-1.45163666278675 1.27876847744889 0.114393791199583 -1.33459461582454 -0.00169908166295988
0.8934012730402 2.70217389372578 2.57095008706007 0.182290906237647 0.26798248480962
-0.495832714881553 3.35287584170235 1.42827945888694 0.234444973690449 -1.00067826048037
-0.206533801825804 2.18113362654245 2.19746382638267 0.29571517505047 -1.39051411329678
0.679083487473837 4.40009082594822 2.51572157046864 0.505363270019677 0.922848027669369
-0.335483584837399 3.10185557617661 3.16123796518388 0.627209047335973 -0.161539864060855
-0.154222724289692 2.22435984258044 3.19805109285412 1.51942676326641 0.4342364505322
1.43565512315795 3.7570101241334 1.49380380891432 0.302654483190256 -0.00888689657903832
-0.259925602770651 2.80601744740905 2.17641145705287 0.152775030744435 0.088101720263429
0.127249340641628 2.79851658989406 2.17241401325641 0.480153474518491 -0.489186427401766
-0.508406867949949 1.96109457426347 2.61432896745241 -2.55695780924212 -0.315470263129957
0.91472374409145 3.97646960877146 2.0679195408818 0.0474226661277129 0.0381851333356456
-1.58782027259856 4.38126305297943 1.22456109084989 -1.25229653066069 0.0355336408542967
1.51322928350456 2.58699624326526 1.13346794988154 0.139423150505347 -0.960516922255176
-0.717980526660319 2.41823000115567 2.73003525278548 0.678970185763555 0.202641852005824
0.989144607942489 1.77651239855669 3.9531235137099 1.79905813803664 -0.936422275818762
-0.114291522826167 2.20450515287592 0.796833991406942 -0.0360013802493029 -1.01697903713704
2.31317652519243 2.64981544580443 1.70982056621213 0.854761502061552 0.161129538184571
0.819702013704262 4.84025978812816 2.40741580657883 -2.33620987292115 0.551414928201213
-0.127698940007371 1.40055583991151 0.999042088245641 0.699185835293451 0.410833345978277
-0.0103018702019744 2.57313306044644 1.50839978414018 0.741919448580709 -0.243886745632483
0.121865901470555 1.79720743491171 2.88615075304815 -1.65755980147074 0.0189333547092406
0.44532004777759 1.55831683310827 2.63997597596143 0.366692127530019 -1.79480889614127
-0.0192296900580758 2.98399827622989 2.71157345497093 0.519028898720157 1.10608802273746
-0.961814792881549 3.83830892419797 2.42398318889335 0.434993377965914 0.169197145218478
-0.565925821284378 2.78430507833842 1.81701382230022 -0.228120271986032 1.14093641356693
0.0904463813580342 3.89433111476831 1.56035442871306 -2.92267169483773 -0.495507955322578
-0.941356904563196 5.17066175078431 1.82569884040984 1.87651594027704 -0.632746803759475
1.49696489183463 4.54353601992164 0.503522896348138 -0.148695406309694 -0.50287787679999
0.82853120757902 2.59015606281974 2.10079546800425 0.679506844274292 0.228028097094855
3.12807927736913 1.77767830105104 2.43127134680563 0.0385036137441236 -1.40500952589784
-0.542188063381056 2.551677319599 2.26092863759825 -0.724284565335532 0.273243820449005
0.607959830010566 3.99198988552554 3.39458658609982 -1.78763025759814 1.11841491229994
0.260227337215713 3.66399665635297 1.88737036826736 -0.962798181452953 0.527028158307963
1.49312550074578 3.38385274763141 2.50373702972987 -0.8178614915072 -0.0954486834354775
-0.292854903830184 2.07683513284488 1.27368107171162 -0.224459230936779 0.466195732145271
1.96208700585065 3.83428131242356 2.19357970489919 1.1083291090616 0.673339084137813
-1.07640188829087 3.20973205904146 0.709946101381699 2.31340480037588 1.63924116148864
-1.21310954090331 3.44596418294527 2.80864034117268 2.06731257355343 1.5441362254042
0.94315929527945 3.71323152694184 2.32829974812663 -0.783276524000394 -0.429213122596502
-0.741036751164057 3.65674334095747 4.80698434142186 -2.51836310552098 -0.734314445815665
0.270214840985687 4.06464487188892 3.52118570788387 -0.808957629546012 0.158309137586179
-0.562725543755691 3.08871486897324 1.67093229908162 -1.04029111499966 -0.674255120764611
1.12270306500259 3.16339399667177 1.71402792527649 -0.919424948245605 0.14569077767519
-1.37717202739956 4.98273369857281 1.20229472261034 -0.819085094372249 0.947969092085763
0.894713271489434 2.7866526667293 2.65931515385546 -0.368147524042525 -0.0595013743633275
0.192628839517783 2.82941075996189 1.9860843639502 2.37152108480415 -0.743633341574415
0.0128788939454397 1.91207959690451 1.18852631350891 2.84516607877409 0.250126915998906
-1.04266105280446 4.81814428600078 1.20080820505867 0.476044451820626 1.12017728884169
-4.0329642809785 8.65475800691774 -5.32304493128923 -2.04831922221929 1.11113528023405
-4.03440952326447 6.93772460010442 -5.84097588099239 -0.486098390353869 -1.10715936080457
-5.83170142053207 9.65040767466982 -5.19652283941602 -0.917569314368517 -1.08082780038755
-4.30218810637593 9.77170961597361 -4.82718094862917 0.114317037033055 -0.421920437538248
-4.63400665448034 8.31308695350066 -4.7524156491011 0.186752328108535 -0.197293922163724
-5.86401468319729 12.2459256530939 -3.55747087105116 0.269883132707021 0.438495562064942
-6.71012195184203 10.9669086385037 -4.00068078781649 -0.893240427100295 0.868939031099262
-7.06246916551781 10.3053130328247 -3.8509323270998 -0.311405069958264 1.61138529661694
-4.50332228756534 8.51152980962184 -5.69731239440002 -2.36073980720933 0.268674424718763
-3.78197492389219 7.74367795652562 -5.71940229796922 0.827266191689492 -1.7481229715441
-3.80112131690506 7.49160662218357 -5.81966014292473 -1.22444532182233 -0.834467553688407
-4.3157084617996 10.9151961351338 -3.69762519389323 1.96365371766306 0.89535584996778
-6.70127868990935 9.76545987636451 -3.88105222728157 -0.443546148746933 0.338838080530757
-7.41736600031507 9.98350437150169 -4.9533972451411 -0.0158095200679085 0.946637067175031
-3.6978913224507 7.82651098928434 -6.16651178659459 -0.984549214689624 0.747772511966914
-6.18412365696268 7.78885215047747 -6.38031176080899 -1.25717999470823 -1.32812292522968
-6.28017199977963 10.2851756251989 -4.06881995995448 -0.431031830445095 0.266125206219288
-6.45994647838887 10.3108030203403 -4.29048466162216 0.197693207324053 0.564839933435377
-4.52097251140302 8.65723846336745 -3.91383974015252 1.27142258582114 -1.04822348782274
-5.0831960978922 8.98893077110488 -5.51735793324537 0.698521112706022 0.589659845740559
-3.51827970698785 11.4392509618869 -2.85175962235467 -0.542071447781389 -0.45336399447022
-4.6957430050677 10.6770137906085 -4.66909260217725 -0.857365845402334 -1.12117318903277
-5.82931517516483 8.65825911372076 -5.35089037804025 -1.22517298619375 -1.42735757396747
-4.93733395406966 7.47187089900274 -6.67287256054863 -0.329138120165736 -1.52314071103043
-5.35512673071166 12.2540528382807 -4.42921288292038 -0.308004729097594 1.58951190839841
-5.05168957869909 11.0663247786936 -4.56486370435764 0.110165407209239 0.0749992933784586
-4.57494703867994 9.56953867948568 -5.89536437823694 1.1762043375291 0.956761444810853
-4.63790966044244 11.6566882655522 -3.0778369339108 0.20240282177707 0.84991165095844
-4.24583314184088 7.53058592602208 -4.494085534781 1.76219026914241 0.975850391818243
-4.4352968783657 12.3423445093484 -3.89288499728956 0.604473293509482 -1.53746255307603
-5.23822497181063 9.86755701459385 -5.79397201436188 -1.35358055176383 0.350938159677043
-6.0620315509734 12.7160418148784 -4.06428893731047 -0.17659228289854 -1.21379552967856
-5.28414331079939 13.2286126875163 -4.05087196760614 1.04815479871692 0.541526743866867
-4.48071862655535 8.31928534014752 -5.14641950427388 -0.965809066815286 -0.0661418461300222
-4.99150164507564 9.57399206579441 -6.02173553304937 1.02315829851412 0.191573594454863
-6.76148407168495 10.4569962497907 -6.03586048612782 -0.486788515769138 1.00886323522572
-6.0064541486533 14.0685131559366 -3.83638153733928 -0.51918986164134 -0.839599110751481
-3.96826247771188 9.6981164606769 -5.63197341167559 -0.229570819304467 -0.582757258271929
-4.85404477059678 11.7704345369685 -3.45954206733588 -0.652639274527271 -0.983007030086105
-3.37182934005411 11.420053726713 -3.88060278631626 2.57987399731631 -1.60712753230908
-6.43698316596351 12.0134357676026 -2.82575729926154 -0.278046808128108 1.88861269445678
-5.38639797911677 10.5415959049943 -6.08991284195866 0.156713086335154 0.778408329401558
-5.14467330667327 14.1230123637626 -4.47082951049715 -0.0224565754823735 -0.855057240337353
-3.26009694486809 8.97158555866814 -3.94505083072855 0.385188253906743 0.441172776113186
-6.13672787668929 9.99405585193054 -5.07389614896308 0.853091496886665 0.408012031661717
-5.75350610804622 11.011987476124 -4.60851870789634 0.820513405871471 -1.95422704937644
-6.27312097197029 11.9567941512246 -3.97335301370649 -1.92297970429954 -0.864741710855339
-4.23202322874926 9.3339642612999 -5.72174348291946 -0.739819133988881 -0.635190730688315
-5.18237191627333 11.4918597742533 -5.17404320026533 0.958497153874548 0.111946490535516
-3.24543457144838 10.8386025412539 -4.63818025692955 0.647798366112798 0.481196957309568
-5.4443645618279 9.1813155019231 -5.52681571978204 -0.962297250652206 1.4800483256361
-4.27030339843525 8.91694967586757 -4.21171545586554 1.0082735720638 -0.0687561372380045
-5.29230735927498 7.34039043636097 -6.08867525297997 0.525530291654903 0.0360377275975036
-4.71835324405396 11.413000251885 -3.48377610678422 -0.444470727629197 -1.05681589908046
-5.12160966038255 7.70501534577838 -4.82030573397058 0.751929687947873 -0.534420602389449
-5.41740030363365 11.4317252695003 -4.2517695132482 -0.303647482062514 1.71571958251019
-4.58329327056881 12.4281751179833 -4.30435871096108 0.33736004803475 0.426944291928066
-3.51154628642813 11.3831556666505 -4.36233905557974 -1.55317076117015 0.635967788529647
-3.79584926985686 13.9378570972577 -4.16368067398753 0.245091615593737 -0.720526054074179
-5.02551406453034 10.2494711394672 -999 -0.125119178966549 -0.251685139158803
-5.93739357680366 10.9481310216291 -4.7249710046448 -1.21994078589655 -0.117984489966577
-6.00820613737518 9.38739415806939 -3.85636984423196 -0.684001989398114 -0.192966111880665
-4.08277493418609 10.0852082812118 -5.72308895566459 -0.898347289351758 0.828445465339937
-4.65243990059841 10.0158190609733 -6.99203296316951 -0.787420048324467 -1.15545794109906
-4.42150288544913 9.7107462832323 -4.03790404765159 -0.545301986805604 0.955053781893727
-5.72293673016308 7.3585517086307 -5.11205781302775 0.265748203386046 0.238310367641298
-4.39936544034185 9.61216679735171 -5.58867857837303 -0.208618374597601 -0.0968224093408198
-4.39831235926259 8.48585214011528 -4.15834923727003 0.0658726538196365 -0.453430099051436
-3.32675210031116 9.31025045636379 -5.58439045000256 -0.365600571550094 -2.75082694995555
-3.27360402333469 11.2442759944446 -3.62626601068212 1.83158553670668 0.733130561081103
-5.88491862564708 9.48159737004993 -4.40252100876251 -1.04264110817741 0.781027988700669
-4.40353977958384 10.1621772278762 -5.74739921634996 1.28437157219857 -2.12036863643466
-7.59771623664229 8.79416899840982 -6.57246545563389 0.187956356879161 0.51893651410936
-3.3130750030914 9.35814484312572 -4.21704322810616 -0.55595946039612 0.0735715046627578
-4.44250819368714 10.2067309393903 -4.74305281100905 1.68687503776693 0.538108855234256
-4.6194746355168 12.3794294402417 -3.05436970735378 0.940204325478919 0.795772051808189
-5.43556489389314 7.58939102181315 -4.93177613413796 0.428152265531752 0.320736226380945
-7.63991841485803 9.16388217643825 -4.73779789781088 0.528356544211737 -0.219342849768903
-5.30534290184905 9.63042137366176 -5.22337582626889 -0.971734450972675 -0.706913668411535
-5.96519292075044 10.1051395804815 -4.39484579857972 0.439714967411631 -1.56882492356361
-5.71426956618172 8.60223422485117 -5.12841257397268 -3.02789057177297 -1.57051520715425
-4.84213056112627 10.2574029499301 -3.54585259870724 -0.616896133360904 -0.419321807450911
-6.02427588490777 10.7383720872564 -5.19809201032356 -0.816806130429338 -0.0492711848738357
-4.39793543924179 7.69967635222484 -6.73690173372035 0.526221919266399 -0.718998677735727
-4.92634283675066 10.2261317235498 -4.68826122995462 1.56319249698749 0.223743563142263
-5.38584438988136 8.99388688429286 -6.03272867727227 -1.48241033133898 -0.899097027779713
-4.15882408322416 9.07759809456792 -7.25074719370172 0.79796334481805 0.157037734131885
-5.97041218150479 10.344729268357 -5.10449663199744 0.129756243743622 -0.0455017426540968
-3.74480538535966 6.70135312082151 -6.10487545534004 -0.259356927727056 1.33299001301734
-6.16176282593456 11.5884440982823 -5.31442772624106 0.470232166567621 0.133198982829252
-4.4696667983614 9.84137375758675 -5.3840429719334 0.292793021518415 -1.13276164345865
-6.85275816356471 9.54278202958956 -5.27794559459588 -0.748375169754482 -0.0951679670897873
-6.99243569712494 10.4584016083998 -4.58596298437405 1.92054471228488 -0.237385647135252
-5.47655365510061 11.8585883605628 -4.49567786684903 -0.711098822567169 1.54642709369058
-4.6694521141719 9.84049988249455 -4.51400799195215 -0.855770154513154 1.69644036787076
-5.05963869781727 9.00372104851706 -4.00630830244219 0.803803668627104 -0.75142980684688
-5.22592496451506 9.76804112082324 -6.06992397042673 1.25496761160445 1.29329068567853
-5.30047302251603 9.79382548707931 -5.43902122493929 1.79472338346702 0.654774764778521
-5.01983710440057 11.0650595405385 -3.92881906578323 0.173613435282227 -0.198219253181407
-3.37924371802677 10.2237900321003 -5.01813315229928 1.00622027125379 -1.14257268636457
-5.61549013825824 10.8822809592942 -2.78751471306249 -0.157877793411477 0.432579460573344
-5.84868830685514 11.403982827524 -5.42217077312598 -0.229788877324291 0.0985936699179618
-5.10927518980399 8.91147296444401 -5.2027274804041 -0.190088021254113 -2.25555478663409
-4.73346006119049 9.98102429708836 -4.79610453076067 0.373312275848602 -0.339323007301028
-5.44224059704684 9.97589387963066 -6.33924325268977 2.48438526784505 -1.02627057490525
-6.82994021284619 12.7126018002281 -3.55669882273249 -0.865462336941946 1.80451246028135
-5.62635978245496 9.36905373389262 -5.00674983887831 -0.616771856153767 -0.852711521639895
-5.1753107906878 10.5031177231795 -4.1397719623941 -1.56381887623166 1.44308385023453
-5.03589455325868 9.58770679910919 -4.66801053936162 -0.648774630949923 0.575915313965373
-5.34346456060748 7.08655711315194 -7.58047545636502 -0.623906624680542 0.111232292976043
-5.00555861925166 8.5774517103373 -5.5591110096524 -0.407072804888519 0.290388927975819
-4.49158422999507 10.4119847610541 -3.94535119468794 2.10442788975047 0.440027297508181
-3.6528938198042 9.09359732471301 -4.65057278942814 0.277830663515213 -0.317260714896974
-5.55865444095965 9.79109028205818 -5.86664471092125 -1.22423756710052 -0.0283988221003171
-5.96746390300605 8.06265594085218 -4.50961090342964 -0.035022285548489 -0.385561598635898
-3.77306757550395 8.57332046226493 -5.34373831235942 0.237514728210747 0.930431884101407
-5.21640628981973 12.3719209462554 -3.97094725932706 -0.239744899048417 -1.34258921196211
-5.63613304431558 7.35761460286205 -7.58547374062727 -1.14641778392968 0.809174584701849
-5.31262970176033 12.658115559086 -4.8135991443226 -0.531514072299999 1.58823863147187
-4.92831585414177 9.35209832789493 -4.5839587133755 0.67056592483601 -0.287496101173589
-5.28426914523176 7.03841199066496 -6.33773099669067 -0.136126759745805 -0.887396845012736
-3.74551239698334 7.9586695733876 -4.50822746928555 -1.72363572552433 0.739509478032217
-5.30971077917148 10.1768825960398 -6.22370626460155 0.511049303214836 0.151047554044847
-4.56634984590566 9.3749443532845 -4.85704683573332 -1.54730425791088 -0.752787412346205
-6.28648823187034 11.2717564708005 -3.64181465814782 -0.436012075795442 1.20154449888409
-3.41414112811066 9.70047984340117 -4.08453102872386 -0.821366858265825 1.56380554163627
-5.77079160469636 7.53688337323449 -5.15479811626151 -2.14927978303366 -0.00410455956416643
-5.02941858685664 10.3714966523568 -6.48726022170289 -1.03907068642788 -0.942623222436364
-6.27174451417173 10.00806603992 -4.80488092018426 -0.394931765793248 0.012001348057905
-3.58674870901722 10.5648653211442 -4.91676217847342 -0.0637131737899881 -0.0640466986729909
-3.84829440327821 9.0270722226315 -4.53069257066547 -1.16895877320045 -0.642455585203139
-4.38890444535883 10.486634102344 -6.60393586351225 -0.301560028528595 1.10834860161921
-5.97281155009347 10.4186398031536 -6.20038333629869 -2.41727996106657 -0.43389615996889
-4.46485690471805 11.4334646267752 -4.63388398074496 -1.30896120066998 1.05012651278827
-4.05512361500802 11.9583102159695 -4.77522579901859 0.303725544384838 0.0697903735511307
-5.7457949244878 10.3766345428428 -5.69252872198014 -0.347288521101292 0.808042028926932
-4.34131208507123 9.97693222007891 -4.43116453990266 2.88979255193376 0.667857721425718
-5.99241427087615 9.51600692181778 -4.25422146531354 -0.655744710888252 -0.680694546567926
-5.37399962300303 11.0589152174199 -4.14079526694435 -0.355900895659801 0.119922358184352
-2.80760452276725 10.1894487575693 -5.20988413664517 0.391076926060067 -1.8982411703146
-5.31733682334762 13.0820168428337 -3.14193119217357 2.25098501343512 0.203956296243735
-7.29931172220587 10.964530086087 -4.82146383575461 -0.434129657973426 -1.10323034780712
-2.14200933390421 9.77170901158239 -5.51235113719392 0.0705114272499684 -1.56926070893426
-4.77563964108336 12.9450198534392 -4.27773267355073 -0.551928354909074 -0.674850350454473
-4.64692083578737 12.5860518740201 -2.36736052488268 0.315636141944838 -0.0943273601312337
-7.01054624979683 8.67007383070235 -5.16105787706383 -0.111636193898992 -1.58716482715639
-4.25266544752697 9.10104735572155 -5.22259427687091 1.43152895965335 -0.388698948319046
-3.16137832095402 11.3470203497203 -3.75142448695199 1.19960640228595 -0.69110652521124
-7.86591182230045 8.86154312470865 -4.23958565343399 0.0409521290336931 -1.10421243729125
-6.8300582089174 11.4388871123903 -5.14541745618108 -1.15502662209622 -0.494456991619271
-4.88570298465407 11.7691820111131 -5.19094569087617 0.603221496212088 0.818237615428408
-6.089004676156 11.7316004803263 -4.62025352931541 -0.0760095852283081 -0.378799964459237
-4.76894245014887 9.5005392968401 -5.85627241297581 -0.518620746432847 -0.397637475438457
-4.19873688583783 9.09772125033316 -4.02015762736392 0.558427065146533 0.255173466354352
-4.57143720199632 11.5494380589814 -3.90100743479948 1.2537623624933 -0.650265333642881
-6.62819372409461 9.38763258533421 -4.52529619441585 -0.872400727006814 -0.166486318053194
-6.77058440572949 8.19070801325177 -5.46786785275904 -0.632946723831247 0.0985983986015391
-4.36919870471785 11.5357819783794 -3.96598132328142 -1.09270415403258 1.27847152519512
-3.82591111613799 8.81891598275043 -4.9744841872725 -1.63581589863358 -0.940723178625923
-5.99618177469172 9.7365732072289 -5.31095500860267 -0.356754469068386 1.65007116247493
-5.50391695406203 10.2951612238011 -4.86133541755489 0.610713437628778 -0.0222097366677304
-5.16022144995715 8.70881380330593 -3.95780911258859 -0.297247941788 -0.567713985657297
-6.02531203164902 8.56731430349409 -5.19049523695462 -0.695720360240395 0.567853223492252
-2.82955995633896 7.34106695917013 -4.74704295477467 0.994261456765759 0.155075767119978
-5.49841082317393 8.65545251735555 -7.23891555003556 2.02171465220429 1.67689978722414
-4.86325593359293 11.3859920416801 -4.20556832105754 0.628485632768455 1.05076841439723
-5.3881737798428 10.6718576025645 -4.05719545971667 -0.114629927241222 -0.0684921594278491
-4.76444953006467 10.4024330737247 -5.27684514966717 -1.36374885125707 -0.720810981892252
-4.76322610577537 9.68030458963402 -3.32513863224292 -0.370339547530936 -0.113774911772552
-3.08991517177103 8.48741529281057 -5.32888429868405 -0.166585209789311 -1.24996438846383
-3.61951997616241 12.1744349964498 -5.27213145473476 -1.8441091250544 0.0411036844689611
-4.44660869776781 11.8278284883363 -5.0150517311614 0.354318345639748 -0.335433375793601
-3.12158657402478 9.40356896352821 -4.45608712209168 0.117032866834304 -1.09145495960528
-5.21780630746606 9.0601440922808 -5.31946674616971 0.355688964041694 -0.599892774899411
-5.00144184156403 9.28351591301786 -7.67669483559318 -1.71105607799952 -1.33549724940604
-5.83826668736558 8.63869189036088 -6.31251051051407 -0.206769040742842 -0.483350882653263
-5.05796159736773 11.4071682079541 -2.75003434659088 1.24694038125504 -0.347702925875349
-4.56645817312574 11.6208000388643 -5.54751475282079 -0.0644631983878116 0.214007406907312
-4.94614120052561 11.7755556475422 -4.37489621141102 -0.646375627087604 -0.106508202014682
-4.74113807179442 8.48042064762717 -5.8662051973991 0.841520990695659 -1.32200106981532
-4.00167342395249 10.7338683247543 -4.76551343602891 -0.8445773218921 0.323671225250587
-6.81574696323962 11.0869477805017 -4.36713158314679 -1.38581361772232 0.52628948470512
-3.68411968144721 11.1505883003173 -4.84058986576541 -0.181827682201263 0.356212980334669
-6.5032901342662 10.2716891589927 -4.92012917381933 -1.16090898762145 -1.36526705131457
-5.23050344758349 11.1864102177913 -4.42772256756513 2.1056704085826 0.715969871193378
-3.40378717323489 9.82999167241562 -5.55921874352328 0.800952169395958 -0.60984503304874
-4.5374318302234 11.962367656535 -3.3985462565348 0.23736856888421 1.38896022192295
-4.9573995284929 11.1646501910176 -5.29052123440405 -0.173573801448349 1.97021592784481
-5.80724976490895 10.9381026778084 -5.67824043809 -0.0742138489404716 1.48988577574237
-5.97006298032553 8.13548008884319 -4.74333271345255 -1.48191256443861 0.562542042566713
-4.42214937071858 11.0700651328419 -2.70871343702505 1.03996674365961 -1.61741429899918
-5.13853081285209 8.35861513294099 -6.37469299614654 -1.02355106255938 0.00411582512457809
-3.03733965111626 9.14813490307522 -5.10408359276039 -1.67042828716791 -0.358539325732626
-5.62619779533727 10.6898576068252 -2.35852993010533 1.08926321735025 -0.567460755199638
-4.28718059633314 10.9432148775703 -5.2945266870077 -0.975903127626565 -1.94276384446884
-3.90985476542487 9.58975574148803 -5.10879864000175 -0.739519592387783 1.17640621647716
-4.20870679950352 11.8997260687413 -4.08711119042847 -0.715655547921287 -1.58867687905328
-7.66631353892277 8.05176523943624 -7.15322186374527 0.337286692211034 -0.549643528858552
-6.22825795284368 11.9076327177072 -4.98115617932231 -0.913464729707369 0.0186473995759894
-5.44630599835042 10.7109661046654 -5.17092380185715 0.237042582056012 -0.222796548564343
-5.83058805264031 8.93266573937094 -4.66781809782647 0.748944469954145 -0.861867515881808
-5.33453139940607 9.09249554980322 -5.26559079876644 -0.815823453487383 -0.154147623109917
-6.1568079442854 11.1328816969978 -4.65482228158994 -1.64305040520071 -0.401344377088861
-4.75189297006838 11.4555848455404 -4.932877494059 0.247425969162601 0.197790904206095
-6.19336173999543 10.699968835919 -3.83227514694183 -1.10244855235174 -0.913641360187738
-4.80444942808307 8.86990338538851 -5.78621157161026 -0.0567603917202819 -0.921883231410394
-4.58706561180099 7.60038731839249 -5.61535531083457 0.63215952409762 0.866393175038044
-3.87787420238215 13.2862413968429 -4.51118536089759 -1.19450116142516 -1.43859904211624
-3.09838390670652 5.92696031279094 -4.61894279238962 -0.376020718720846 0.88121609556106
-5.45594951456449 10.5505657288461 -4.2907618997026 -0.838778483102905 0.408970108964121
-4.06337615321546 9.72847062085593 -5.36502465672395 1.6753507917633 -1.74314789031749
-5.05020282759163 8.08981669838289 -6.6062730468984 -1.35608032446222 0.445284416615855
-5.86143876833403 9.74841923447875 -5.31871958938341 -0.888544687081273 -0.355740290925266
-3.52760554119695 9.11699354905954 -4.84629923479148 1.40939239164607 1.56434608859967
-4.50649972619001 10.6504216987137 -4.91189721792308 -0.750342200308983 0.3758489334385
-6.08973354459827 8.53928713954277 -6.38299820159185 -0.762444657345189 1.29912889634283
-5.09080587622388 8.60795760313693 -4.419813192656 1.54047119166751 -0.754768577045446
-4.77169937531552 11.7922286848563 -3.30289360646737 0.00175472489442828 -0.879651434292433
-3.2293256593213 10.0752757117531 -6.33538028082377 0.607969193353635 -0.60926132338114
-4.21072755528519 11.1472015846109 -4.28289109266956 -0.874867830344324 -1.10422077620456
-6.08762325564672 11.4212507373481 -4.03658047465599 -0.88090406309061 0.863968757880665
-5.18775747690732 12.2734323765637 -3.95314438545792 1.54821198834186 -0.111176317165651
-5.38698938599125 11.131055322164 -4.70684568578198 -0.237127888607928 -0.767386179850544
-5.37986449084622 10.6810624845423 -4.73226636692147 -0.0479462422769369 -0.58918932183967
-4.26205989696943 10.4748038529609 -6.27318251086574 1.63964384702833 0.574723574163742
-6.13374583727905 13.0110428902675 -3.35429913030166 -0.51525904824718 -0.286679025343352
-5.87386524583481 9.67175961021593 -3.68660716832099 0.469296440052391 -0.200521355664017
-4.14778929946399 9.59873751183772 -6.41644080275153 -0.0513026514544929 -0.711679868220136
-3.88059179037551 10.2165009616958 -5.25809656437878 1.19396457111442 1.38853499045042
-4.94375654523847 8.24236363595148 -5.59120344913009 -0.167448038580413 0.605822715376861
-4.89660833483126 10.4487059745523 -4.24559491092854 -0.24330411597532 -1.37618326032724
-3.6239842101262 10.9005679546055 -4.91852129886197 -0.0101610353877361 0.723476979037561
-5.9993074876148 8.92330943134017 -5.21895941632187 0.664540544370666 0.167072894027126
-7.31153584970532 10.3110976798265 -4.55357437274022 0.515170141070173 -2.01205307665372
-5.57498461575858 8.3130699796317 -5.73644895740851 -0.107265572669324 -1.1269066841795
-3.54143864181404 8.61685921905137 -4.83449328266982 -1.19516113232539 -0.0562646962309622
-4.80009679753332 8.25494959646146 -6.43370408316422 0.249282658013059 1.52918023604252
-5.02909059234327 10.0943383126897 -5.45932338423167 -0.584816338502661 0.636108738561539
-5.61042050502801 9.46195037932593 -4.210764076668 0.827273111194665 -0.290172374784477
-4.35499128151832 10.7522400553586 -3.13338574563659 -1.19840231170845 1.61461076008634
-3.00952687631566 12.409113371295 -3.78797366939758 -0.631745040499295 0.783014221917735
-4.25854027662325 10.5607008730771 -3.44962428741159 0.595142669657581 -0.145135250345288
-5.35867391934444 9.50255564741009 -5.30465053551953 -1.57766840516482 1.20383684451926
-5.16333983462774 9.71991453127425 -4.51614299787851 0.44531918617618 0.301474513059744
-7.33064939776242 10.5845845767373 -5.20461333713335 0.394355723846305 -0.304352579249717
-5.95226778527597 12.3664489077936 -4.17839075565428 1.20067242589857 0.0161543946652948
-4.44441674885475 9.65655971177496 -6.2366373804275 0.846350763343465 1.60963435544556
-3.96207021753956 9.66875934692571 -2.285391716498 -0.419408957365848 -0.149738870938854
-6.03964206779235 8.05277482405916 -4.62313152663262 0.294380643392488 0.770818878228483
-4.82167317655265 8.81102707677847 -7.37671275189451 -0.517749389733776 0.545446478050329
-4.14391638560936 11.5184871622616 -4.7605881679171 1.67950725579438 -1.81668320299116
-4.76821862785377 9.78611427335901 -6.15689120217078 -0.338320323191681 -1.56257903121844
-6.13051558110103 11.607448857722 -6.36240496837226 1.38234412011229 -0.504826979085727
-4.9283072061342 9.77727572414 -4.47582221752625 -2.12486178707057 0.0459322230108314
-7.84464268952585 10.2266018239236 -4.7861162364448 -0.61575585616181 -0.873738254190657
-2.27736012228069 6.91778179275913 -8.01203449445786 0.11443319146272 -0.206857335167313
-6.45500086866027 8.4497051946193 -6.5171293655605 0.423260138143578 -0.419772549935475
-4.6445407863191 8.57521616668565 -5.42612704694653 0.280583676180892 -1.18908914960557
-5.61051723964773 9.71520495638608 -5.43617747839933 0.552902798679772 1.79713953682099
-5.55908183310246 6.91324932283899 -5.64097771870599 -1.75474259247255 -0.87610281622647
-5.46287116619014 10.7526827978008 -5.60440974581105 0.963021009607363 0.73870717767446
-5.78193940227034 9.78152907566223 -4.83847449380387 -0.580077845619247 -0.601185704294132
-6.74466069994418 10.6003272630216 -3.95389355556932 -0.944259791152182 -1.32562619149472
-6.22068474016468 9.51555099886699 -4.78647893270575 0.397383008637205 -0.734504747760808
-5.47584201196541 10.4651690091943 -5.52825029722542 0.392535371211128 0.388030441222716
-5.10301110151744 7.67269953451436 -5.34717137683519 0.855861439450129 1.61507103010551
-6.91696353747677 11.1508948833257 -4.14030355608096 -0.552781285502937 1.92703838708933
-4.50408040892917 9.31672671015762 -6.07261757931923 -1.45859646185878 1.17299496132367
-5.19506871265594 10.9215757365452 -5.97743845474076 0.110288316645603 -1.85303958995551
-5.35552891600496 8.11237226215636 -5.00534277402868 0.0825272940581539 2.57790076229556
-5.14548278104546 10.4161349969374 -5.30725262707496 0.174970480156625 0.724965802406161
-5.25557190584293 9.73135689014098 -7.74878941901767 1.6199343159972 0.428812916022842
-4.79476340668383 9.63663066576978 -5.87152980479953 0.20292301172433 0.794437446833248
-5.07768662559661 12.3262943235351 -4.09797155601604 -0.789301104491711 1.44668930140157
-4.11150202578916 9.98515317201736 -4.25728222701258 0.266009570396484 0.968139538958925
-3.41172601062251 10.7152522008271 -5.70429668892671 0.0512530539115194 -0.0628916041067736
-5.24540394311357 11.0728702808231 -3.27306616976554 -0.585561200476636 -1.36903803351416
-5.552429724884 8.66872178420287 -6.91117619704218 -0.283290834919909 -1.1848049271267
-6.3710525936199 8.80959443415488 -5.37715071022867 -0.105836008703481 -0.287747148633163
-4.5055486500881 8.4521254000422 -5.2302051560586 2.17204080347231 -1.11333252603362
-5.05985773204443 10.206009260167 -4.73730744135837 -0.297618543334718 0.449810480381919
-5.30187733055245 9.84691980695781 -5.51215761955684 0.309444161402031 1.13279119847485
-4.19291858219771 7.26071283618668 -6.20572447539313 -1.35701190313338 -2.08057833331614
-3.4355166471435 12.5196950855005 -4.04289605057697 0.986522222786697 0.0255287394568001
-3.99107978611309 6.53080348626942 -5.57435350738809 0.209757266837243 0.839752796730416
-3.84295068762731 10.9127846054048 -3.78303988053565 1.74942208034536 -0.175696077327623
-4.73838687814195 10.6582755892199 -4.32984135587267 -1.63107357422538 -0.264114588272094
-4.2103629481791 10.7787340571977 -4.89690005455891 1.73701026409753 1.32467531192373
-5.88802579055772 9.57624884669051 -5.63260417371384 0.155125203240296 -0.512645627527579
-5.91699361154853 11.5893869881139 -4.64847505065476 0.119587846641812 0.896969934304514
-4.91631518271162 9.27797495389193 -5.7223221384469 -0.126459938162138 0.448903484926091
-6.17360323428358 8.05429020683072 -6.27106370756567 1.78717153547177 -1.09314919421738
-5.72550853719845 11.3913084129861 -4.56171953467859 -1.27526415365151 -0.0400697691647785
-5.78380124635854 9.48229877706085 -4.51650771923488 -0.649017284544336 1.00074489496584
-6.46265823294365 11.0298447912092 -4.57328434661063 1.09220180561685 -0.914245776221851
-5.72629297355807 9.7465474784375 -5.64319508202224 0.00174860772274125 0.618054646943984
-6.3397500151526 9.50738394475841 -6.38557709070247 -0.592817119308872 -1.01837093198476
-5.66084472831268 10.4935558124441 -5.74576863460505 0.0408433968261934 -0.172379270166242
-7.14862757542522 11.7396420552014 -3.27241166660571 0.781869907789113 0.0405982168441984
-4.70703540835715 6.68014958022774 -7.00088114530861 0.584427071408283 1.06616924003312
