600
2
Variable1
Variable2
0
14 -0.0756393204580285 -0.0594520120461461 1.083750073798
10 0.508540273152885 4.97129557555118 0.920653654588386
12 0.694116283121613 3.99293344306021 0.96889254511334
15 -1.09236738237178 0.958489391028031 0.953476073453203
10 0.397788803811311 -0.398517384106904 0.937952821189538
11 -0.00661128262869897 2.22920633092638 0.988976832851768
17 0.586526875459587 3.14028555302832 1.07799520427361
8 -0.90887728581245 -0.090330736614229 0.988051430787891
3 -0.766274944659333 1.14424086647684 1.04996684426442
10 -0.286145848488846 1.8087770728876 0.941605675406754
9 -0.373371006719086 1.03106846237919 0.99409376499243
8 -1.11918317249729 2.06951726739456 0.93747175722383
8 -0.362823256503132 5.08826877275889 0.993766363337636
10 -0.77128930687282 0.32701408150636 0.9189322556369
8 0.440209694358902 5.18119178744866 1.00572504131123
14 -0.533566112696117 6.25990559474906 1.02904469254427
11 0.253630191188846 0.193107939856397 1.00787821803242
9 1.1227686291724 3.14192484816096 0.96380539513193
6 0.613675101811791 3.10228852380709 0.925009696697816
13 0.825083434592136 -1.19789326680909 1.0742217074614
10 -0.776208159948427 2.70998927439202 1.03887556572445
11 -0.970314216119593 1.91426536323781 0.994200994959101
6 -0.359426158559961 4.42280225893476 0.996046165097505
13 0.202005780722442 -0.677466634895184 0.951224306831136
7 -0.126505423881377 0.74800647153844 1.08387835710309
10 0.334475292029422 2.34503105251453 0.922828105278313
10 -0.805441404400558 1.44292119775867 1.08409676612355
12 0.222153522303154 4.58473061930287 0.901794006349519
13 -0.23290169216439 2.25132864573818 0.93982981373556
7 0.0224532881173683 4.40275811297891 0.947256899159402
11 0.994431604222665 -0.49915142307362 0.967341627832502
10 0.937779535141272 0.84842286366094 1.06260992428288
19 1.01251957055598 2.2068853783397 1.03395872442052
13 -0.59263958990976 -0.716188418212629 1.05303218448535
7 0.150112537582216 3.94248485187016 1.03698834502138
9 0.812650090266564 0.481746058648538 1.05290168249048
10 0.64390376060664 0.119402393260603 1.06687493948266
12 0.46453116095635 1.89057584789405 1.09760937057436
15 -0.268558041826397 2.9912949534816 0.989409356983379
9 -0.479985280429176 1.10858468495449 1.0068180588074
13 0.00202931587178002 0.980043006448987 1.09972589942627
8 -0.419244930251604 0.166044412898018 0.933099710056558
10 0.586600147199487 -1.80297105318138 1.05523154451512
12 0.0405481416948421 0.783133064040287 1.00063560013659
7 0.122826046889302 3.71442565899622 0.974499912932515
13 0.94557861366666 1.55915591885258 1.02450057943352
8 -0.183417212357123 1.43249767774303 1.01110984683037
10 0.445942059856304 -2.07591916440331 0.94096985887736
14 1.34630867439668 2.2347734046185 1.0616499827709
8 -0.297114126357317 1.44634525048591 1.02652835035697
10 0.483720761806389 5.92729216267206 0.989130711229518
12 -0.0835939766103058 0.48521949156322 1.08200786598027
12 -0.79947830897366 0.0242196541921138 1.09586725467816
10 -0.945627318827238 2.31252341046411 0.967020108969882
4 0.208445397212059 2.01835798499355 1.07535028108396
9 1.21936559958388 2.22390344351487 1.06412745183334
10 -0.0200718364151405 2.73103978025773 0.929607264464721
8 1.02561908446054 1.70137543635883 0.90428186650388
11 -0.263283674649615 -0.213534499299735 1.00729871606454
11 0.0760334468142136 0.939400630753543 1.06761053800583
12 -0.719101377942504 3.41638540000919 1.07930640107952
9 -1.2438891345878 1.66359726773961 1.08719033361413
8 0.16163386437716 0.928932705452281 0.943637331901118
10 0.343346305593934 3.13968431036317 1.05366572514176
8 -0.762901139350938 2.60283548906097 0.936515593761578
18 0.522921432149049 2.86670361571034 0.935943271126598
13 -0.302068370528775 4.88620115119113 0.926300930092111
5 -1.12210466427246 2.15537233406023 1.02709181495011
8 0.211095873081468 3.63039848120309 0.943468206003308
8 0.499211324012153 -0.8000978186038 0.91055086744018
14 1.13242473674084 1.07511580415835 1.03084496366791
10 -0.987048421292452 2.18104582161611 0.950545269437134
17 0.276261635666012 4.07565038759074 0.988746196124703
11 -0.272126406765774 2.40945324114504 1.04291840810329
5 -1.13365582579831 3.56153960167784 0.906518014939502
8 1.05983661386807 2.42254322953843 0.91435812721029
8 0.201468421000466 4.4106497740815 0.981511923857033
10 -0.951773723432004 2.68368452949321 1.08411635300145
7 1.00478795074761 -0.194619874638199 0.918496246356517
8 0.998417509814477 1.78285351039015 0.9310259222053
13 -0.301831678032891 2.70807521498896 1.05033539896831
16 0.956174356674572 -0.696414921357624 1.03316990504973
15 0.0217485507684126 2.18178701539236 1.0861839262303
10 -0.028549497668181 -0.104520595686385 1.0902373907622
4 -0.130611140544259 0.995143674108124 1.02409700783901
8 0.212319767546482 4.58386914214128 0.935024556471035
9 -0.453626734214522 2.79958510582144 1.07319522765465
6 -0.132905175518683 0.563384215602323 0.979511040635407
14 0.557218796864056 3.30982849678289 1.05674024852924
7 0.060561688702167 -1.41208846852409 0.98965243077837
12 0.419073004651347 0.9858996727454 0.967018225369975
6 1.06660294001683 3.27314249628432 0.948074847925454
11 0.267011453330893 0.526148049736167 0.930237104743719
14 0.0806834222393674 6.42853050805516 1.05425292234868
8 0.601312289159004 4.07464392863581 0.944282347522676
12 0.957438536097017 -0.275462171856961 1.04905108045787
6 -0.474538983067646 3.61082702014527 0.90813227831386
9 0.600935277255734 1.62348639492706 0.952596796862781
5 0.450681936547784 -0.0414196902636719 0.901444736216217
5 -0.163664246876087 3.52447149750562 1.01815458233468
11 -0.822192863537931 0.553595158774856 0.958740273164585
7 0.446631107381678 0.101602393301146 0.941171212214977
11 0.87424785012198 2.51982313897262 0.946695787645876
8 -1.42142292423203 0.742919677095777 0.9691202939488
9 0.40515459617313 1.96089706092173 0.991361192287877
7 0.649854260920642 2.34437977081107 1.08842351492494
11 -0.237331988208514 3.01752654222536 0.985574722243473
17 0.0769300627034567 4.9171220147591 1.04578823344782
15 0.199202872871904 -0.379766649646371 0.966494996612892
9 0.390248753347253 1.37707977893862 1.02831477643922
9 -0.0437270611838591 2.76025507101835 1.03670730856247
12 -0.961333928681516 5.83903561935798 0.949540376104415
12 0.0351993003962839 1.62325190483763 1.09547372101806
11 0.326710775071878 -2.03236038520582 0.936285278899595
9 0.832729207983819 2.77963027649397 0.903872829396278
13 0.399147227829362 2.25773886568386 0.959675397863612
13 1.28557223507204 1.67698662879443 1.03635396515019
6 -0.90113806725557 2.50755822465333 0.906790340458974
12 -0.141890902222172 2.60073885080409 1.08187368023209
8 -0.612285003457895 4.6135705908589 1.08622373454273
15 -0.0409584447361368 3.64725632652225 0.977373502170667
7 -1.29786774341427 2.04322661226989 0.99553871746175
10 -0.568311688835908 -1.13187539722145 1.03528938563541
8 -0.0714828238131728 2.79890502975976 1.05490588000976
11 0.254018119212336 3.49182058932514 0.924106829846278
12 0.0388307425708881 4.03485312730794 1.0250717304647
12 0.201022911626371 -0.192022334153901 1.01212520767003
6 0.453370224863132 4.84563671201173 0.910742409201339
7 0.12246451917223 0.9462525491535 1.07886090339161
10 -0.198523758472797 0.410492997082977 1.018105461495
8 0.0581356928853534 3.22408566783131 0.996363810449839
5 0.467070833735732 3.14494048078135 1.02994415136054
5 0.211062904392987 0.808365512934381 0.961139310151339
13 -0.813941106657167 0.772144557296719 1.02686295541935
11 1.00560900015878 1.75297795688137 1.08750038770959
7 0.0217417063305627 3.33202509211048 0.967878018552437
5 -0.0575252316043956 -2.42033151094763 0.979972404055297
3 0.554325443409586 -2.51972852799758 0.936770835705102
8 -0.718526869023719 2.51405116460057 1.07098259259947
3 0.713417735060032 2.75450579505568 1.06781596089713
9 1.39240726436754 -0.451975905526905 1.06580129908398
9 0.100944530280459 1.45168327534957 0.919453285867348
10 0.283974456670541 0.365410934334728 0.933915957296267
7 0.213291615645715 6.37328642502486 0.970685166446492
9 1.39838006134892 2.7580968900064 1.05948070054874
6 -0.584021419626202 1.78009397942946 1.05870338338427
6 -0.314448235915586 0.469291447103037 0.936983446357772
16 -0.720795331121879 0.371043747689405 1.04235613537021
16 -0.321188247533107 0.231276539365314 1.05490667675622
6 1.04231400585971 6.52718485343464 0.914479424711317
8 0.60180166912216 1.3857023837066 0.91758123463951
15 1.11640130162928 3.0530710656401 1.07253175671212
10 0.529019617791523 1.73221260038447 0.908561915205792
10 -0.240537862053657 2.28553830786288 1.05522091705352
9 -0.549902387916829 2.28683738882864 1.04047611639835
10 -1.61058255716793 4.60438404590865 1.07133981091902
11 0.93081604532286 3.20597325177055 0.976886452175677
9 0.190530989203649 2.01970548301827 1.0401639631018
8 -0.898707039624537 2.11286364627122 0.975097240321338
9 -0.773650231400518 -1.79198650511337 1.0324328425806
11 -0.427419560933105 1.39196044642656 1.03765427111648
10 -0.141196168816425 4.55660076438061 0.965125542366877
14 -0.477334908111713 -0.327293654115705 0.911474385904148
14 -0.0529602975547994 0.718061136750041 1.00345311607234
11 -0.828922850326518 3.0322719869808 0.962941594794393
11 -0.0805260193862804 1.44205116006001 0.969839360192418
12 0.69909398073976 0.0864141206673976 0.957980452710763
10 1.0826886877181 4.04564963613229 1.03191393655725
11 0.802919204209785 2.26661485270726 0.989016461139545
10 0.014633139920966 4.77876526961299 0.914863735809922
11 0.0305781861262455 2.58277087169118 1.08382468135096
12 1.17679130875638 0.0270027572422173 1.00013416325673
10 0.339124223056229 1.8542914933242 0.925021167937666
7 -0.883837539630895 5.1499704002008 0.906657503452152
10 0.0513117758561598 2.27685989765134 0.954333525756374
7 1.21631166442769 1.69159731803728 1.00482633579522
6 1.36992224777134 2.10175106532187 1.00044611850753
6 0.258570573410786 -2.1271650490032 1.04080657232553
7 0.10069104472948 1.77000987303214 1.02993842624128
9 -0.262594334001799 2.83546944103806 0.96252096327953
9 -0.110453031772541 1.47359500477916 0.902778448769823
10 -0.371704065136919 1.14766924515277 1.01841921820305
11 -0.216420625864557 -0.208501205623461 0.979887756053358
4 -0.629754768192121 1.60866546949018 0.963314061332494
11 0.20592441601678 1.97471695148287 1.02540637361817
11 0.580867436472788 2.78322794218322 0.965493071870878
11 0.340158728337561 1.98558734219999 1.06604482517578
14 0.0548104984962697 -0.304970303723974 1.04119386659004
10 -0.0453937032259705 2.55897011166581 0.985660789860413
8 0.752687170803453 -0.192477843354859 1.08864957070909
11 0.71766138627989 1.45830378423453 0.998103599064052
6 0.113410970652165 3.62310509318229 0.998454515403137
12 -1.21125237522096 -1.33442562348033 1.06578800529242
7 0.00141341215472888 3.85004280014738 0.95657775835134
13 0.385518495244738 0.888640323042106 1.06010149670765
11 0.0804306629993278 0.698011919835011 1.0987859273795
7 -0.107073921090504 2.75129304995713 1.05137810450979
8 1.31469343857643 0.72937393148641 0.981625784235075
10 0.495753194459126 0.695816199350782 1.04282126538455
10 0.209644801807869 2.75258625687325 0.998866346850991
5 4.5504440779262 0.608764178889962 1.01147928023711
2 2.99723362636424 1.81436311184261 0.90574414464645
2 1.39417529440636 2.35181560200766 0.997982177790254
4 4.12279865955163 2.08632623453325 1.05990711804479
2 2.34666614821802 2.45227079048888 1.04569254051894
3 5.54309800291509 2.43503329743028 0.975675690220669
2 1.35874211448118 2.8212432751193 1.06433834489435
1 4.08045851510441 1.91051451986084 1.09083364256658
3 3.99462013964828 2.98726702551867 1.07993586352095
4 2.84334857595225 2.83758070415938 1.00154515877366
0 4.71740775694602 2.74345852758667 1.06794402827509
4 4.33635707722987 2.73970147397241 1.05056575345807
3 2.59720914959385 2.20670796072747 0.909990678727627
3 1.74012041405828 3.04909124684137 1.01160491979681
1 3.07579086691652 3.82398010692319 0.927477534487844
2 3.75882889330886 4.1139776450907 0.973398868227378
6 5.36296035272614 0.172716509832891 1.09105610297993
0 1.86213489999726 3.06294675756445 1.01940220040269
2 3.62869296958454 2.49449603802452 1.0019597648643
5 4.17330416401138 1.44591495268408 0.934180212439969
5 5.0342146295907 2.60128768910758 0.93881303309463
2 3.7748304732205 0.901286839988187 0.943404885567725
2 2.89088266393687 1.10046658340572 0.950143491989002
3 3.05291846900829 2.343579272361 1.01473938608542
1 2.55369622980423 3.32894564756716 0.915540823666379
2 3.72103447315899 4.80470509840743 1.06734734820202
2 1.699039144245 1.7119810186922 0.975790401175618
4 3.04222062001284 1.50161283498714 1.04617778151296
5 5.05530711311533 2.90305945216733 1.08767552473582
5 2.40743225394933 2.78756959309946 0.93934229183942
6 2.79893372533046 0.52629092576107 0.908008317975327
4 3.48982596165547 3.00797203139445 0.987953891744837
3 3.0167272064254 3.73485227681831 1.05856385761872
2 4.35919291089208 2.06521019767082 0.997609075624496
5 3.51256017078204 2.9397237326589 0.975807513529435
3 3.50085157503574 1.14317356955172 0.953157150745392
2 4.55869409848311 2.94342777437403 1.05096776932478
3 3.69696704211679 1.97385784317013 0.909943847497925
3 2.24900430515109 2.05087168736004 1.00832510106266
4 3.98888552176079 1.66961673418421 1.04067203821614
7 1.88255446983066 0.364231254296899 1.03770882943645
2 4.08420028280488 1.26590813320368 0.989373098826036
4 2.25155738287611 1.74469266678306 0.939997366257012
3 3.06288622792077 2.4688086969031 1.07744156969711
1 2.88864780490425 1.75189420572238 0.915821208106354
4 2.02923901111618 1.7652772807218 1.00469121932983
5 3.04675265154587 1.06503312516103 0.977591488696635
2 2.97334888215605 2.35944414032534 1.07618644223548
1 2.3249171565182 2.36747864590655 1.02559705842286
0 3.1808469984479 2.71528095948278 0.997648388659582
4 1.88716678378462 2.32616623035309 0.982564722420648
5 2.10864593483948 2.84169078216197 0.905809199390933
5 3.90512482461541 1.64594583962341 1.00318619608879
2 1.72614237973171 1.73135575675233 1.08012358057313
1 1.87673153103671 3.58116532094993 1.01206784918904
2 4.1758066154447 2.56880016820499 0.910116128018126
3 2.30688160057854 3.07057073690356 1.00532030714676
1 3.98839968808301 3.64152337348112 1.0579347633291
2 1.11632862223116 1.16488459146721 1.02195669170469
3 2.1307488896576 3.06360697768135 0.93287846124731
2 3.93377089318115 0.122116844327888 1.04411135357805
4 2.2417864104514 2.14565486974651 1.01056547961198
0 3.07981332853196 1.61898522538248 0.906723521696404
4 3.44434709032892 2.61072109509166 1.01661309096962
4 4.56146147753715 2.36371970467042 1.09645697930828
4 2.1866194575654 3.59699762565878 1.06949675926007
4 2.54762338587044 1.86717387944781 1.01368660549633
4 2.96479181736023 2.14268632936139 0.981756700342521
3 3.47251750613631 1.62615898593133 0.976336405053735
3 1.66925094991707 2.20022196917879 1.01997929289937
2 2.44458179908269 2.57380999731793 0.928825858980417
6 2.81641690462933 1.39173142252852 0.970654527191073
3 3.84459883480198 1.84840608584728 0.980211614072323
3 1.8578770795949 1.49073901306997 0.930354780703783
2 3.85655786534094 1.44816743122586 0.990372807579115
4 2.99804974371087 0.732190284763273 1.04700836744159
3 1.87384118560608 1.9436530367964 1.07802536487579
2 3.36869899108222 0.738880373149295 1.03873433591798
3 2.153812398555 3.56355495743601 1.08089713323861
4 3.45751963513879 3.56591070669752 0.971405479731038
1 2.03891321608104 2.41385758119519 1.04815115965903
5 3.73632727897284 2.39488556804523 0.93677684115246
2 2.0159377645498 1.68602201418427 1.00918290647678
2 1.56746088825424 1.81494096797954 1.02863848935813
3 4.20185614462561 1.19313268500512 0.9058702878654
3 2.29904109506866 2.20642533585873 1.03283957242966
4 2.87090063473035 1.30081100282992 1.08281631572172
3 2.53174127508342 1.81257071575307 1.0450704977382
4 3.44176518379658 1.55032308382042 0.964179328968748
1 3.04057587886213 0.447189893463902 0.967989953840152
2 3.51284791845351 3.02056947882185 1.00039750174619
3 1.71489755813479 1.58213137536135 0.972506556427106
3 2.62810690855987 2.73035500661931 0.973465205263346
2 2.40645519829297 -0.65291057630855 1.06313787009567
6 2.22128760874483 -0.139256726365995 1.0929683723487
2 3.15679822847128 1.72796014974318 1.02416410916485
6 2.88693140664869 2.07625634404996 1.0264166736044
2 4.0746746756701 2.53410735920835 1.00881311106496
1 3.60142854827051 2.55938114300925 0.907424100860953
3 2.75907646537351 0.246746014303981 1.05420919312164
1 2.16698588954784 0.293486659837269 1.0632735453546
2 2.2404736427404 3.11411102951515 0.951339653180912
2 1.27018062437611 1.07166606082463 0.909248526860029
5 2.10959652539458 2.03189660074847 0.938884448632598
1 2.54252215316061 1.37328159039675 1.09244732302614
2 2.89043414955052 1.14829213517767 1.06489981906489
7 2.21510404560536 0.664747290908312 1.01735396427102
1 -999 1.20576121334246 0.93338580452837
3 3.66873913861131 3.59733271462145 0.916623415984213
2 3.73192328980447 2.60497790396051 0.994985199067742
2 3.30644944152484 3.26700969049891 1.04668541015126
4 3.26228154235715 1.10822456082779 0.951838377630338
3 3.7158068144741 0.761856014581845 0.95649698479101
5 2.84092108287327 1.35296850897767 1.05067033083178
5 2.45224705938391 1.4818139358001 0.918389920145273
2 2.33563405814526 1.15419221247672 0.997371142171323
4 3.46461904383889 0.849117889084378 1.09439773471095
3 2.96509130419451 2.23612394542691 0.943806952331215
5 3.90777555075944 0.151725610444144 1.06121128844097
1 2.47340701430797 2.75936814590831 1.0971755979117
3 2.62849555393678 -999 0.96498999549076
2 1.76916947050287 0.156808345725518 0.945851291762665
6 3.22370688639808 4.14740387523179 0.96201913668774
1 3.13608101797608 1.73916223696273 1.03128159395419
4 2.23163163367344 3.68167877048653 1.07073940271512
2 1.11020909002464 2.81738726760314 1.03344758050516
6 4.30368936691085 2.63747507025159 1.04262238130905
4 2.09619846065443 2.05564022155916 1.00199946826324
0 2.59308158941342 2.88107428748751 1.02923397277482
6 1.60879763656144 2.11772446690845 1.01621295264922
2 1.22062387360489 2.22010871604655 0.923550085350871
1 3.31459701059846 2.06787836234327 0.936850033793598
3 2.40102257699824 3.1065554536448 0.932028248067945
2 4.32348785227629 2.19863712882813 1.08869600882754
0 3.57400917110735 1.59383538355339 1.02245862558484
2 2.8217955662872 3.59217970602587 0.910082726040855
3 2.53450695476063 2.88964938159929 0.99344364204444
5 2.37822715006587 1.32474487595028 1.05420114914887
3 2.8317640670636 1.69989969655225 0.951617954205722
1 2.32817734384983 0.174817463142803 1.05079506887123
1 1.05519110612981 1.30664439058466 0.967717361683026
5 3.9915603710201 1.29617937954475 0.927716841269285
0 2.55507574588339 1.10804654727007 1.08071897495538
4 2.4947739442832 3.10704936139993 1.02351000187919
2 4.8509928067575 1.42823262451002 0.908362656226382
3 1.68582254636475 1.7797789542429 0.953576171258465
2 0.393028940276409 3.11144191465127 1.04015657147393
5 2.00311651398813 2.41645373380955 1.03178994082846
2 2.95876861104526 2.48046251861155 1.06765849916264
2 2.09984970646612 1.82422125573882 0.970727257430553
3 4.06827553942605 0.0420403643358798 1.09847406637855
2 2.45262257784263 3.15071550039834 0.96445268150419
2 2.73569246889351 2.4799492320207 0.921070015756413
2 2.85275658940419 1.62431950135737 0.988647983781993
6 2.18826683575891 2.61412987266702 1.07918584463187
3 2.59309533534223 4.3375045590578 0.951390019990504
5 2.44708689557626 2.11102352950155 0.98238977547735
6 3.24267760540053 1.28187775718493 0.966156928101555
2 4.12029571120577 2.99016665261083 0.963068454014137
0 2.03390595681638 1.73966676399653 0.957847044663504
5 1.97830028400088 0.766069697267 0.93128325776197
5 4.2905469716344 3.12104043243021 0.907136625936255
2 3.008532435242 1.36278589310257 0.919659896427765
2 2.0911025939511 2.93227063593467 0.90004513147287
5 3.60396869463159 2.52201515213228 0.922781690768898
5 2.20623651265962 1.56911643228134 1.02665854725055
2 4.045329770818 2.75108603933082 0.95989929344505
4 3.95927562593041 1.12032743567338 1.08377410881221
2 3.57279063819902 4.08320715880995 1.07263290532865
5 3.60571911324756 2.37995445686762 1.0256690277718
6 3.83344816342147 1.45751140155695 0.985166667122394
2 4.13663574130757 1.70901629976509 1.02794557898305
6 4.19877475266023 1.1392474770403 1.07146511208266
2 3.61237427602087 0.181921389071668 0.986526473937556
2 3.07697299271436 2.72980397330485 1.080219935067
5 2.16620660465604 0.909723650061565 1.04217584189028
3 1.68160338884598 2.29892589685506 1.03778600879014
2 5.49116642543255 1.56522750876132 0.90917480783537
3 2.53801822368847 3.8254674772021 1.00038512297906
2 2.8059334489806 1.62872370712285 0.997592134866863
2 2.54457419609375 3.1523977654576 1.0415911198128
5 1.90743814091054 2.79783687796145 1.03707956112921
3 2.12613084834531 1.56518259384353 0.990064122667536
3 3.43751560237614 2.22621711371286 0.93354804655537
2 2.13685198746392 2.71614286761495 1.0837221798487
4 4.39412710604891 1.22136347794116 0.913057768531144
1 1.84441509490566 3.7429631378012 0.999387993570417
2 1.37169230903232 1.0515986041651 1.09537940444425
1 3.73870268037199 3.14299371795064 1.07473575593904
0 1.63758397879716 2.77326694853452 0.925833049602807
3 2.92770311509324 1.34451568141951 0.976185180014
2 2.56967362526568 1.50749341353289 0.920991284353659
0 2.95249942885161 0.957457164939376 1.06800510138273
3 3.28916405530821 2.44397942550885 0.972787195071578
3 3.50123688666562 3.73651248501427 1.05047295163386
2 4.13662516535345 2.77910805554306 0.958340421598405
7 2.56004080757471 2.76807642169936 0.924743920518085
3 1.99933355455319 2.01267114613707 1.047422681842
2 2.93133930050426 1.86670040281311 0.909828235441819
6 3.84212998653009 1.26614193999237 1.0636494402308
5 4.26006784680869 2.49474242186627 0.99435626938939
2 5.3064465310708 1.18149901346502 1.07878488311544
1 4.78703694011172 1.63109303785194 1.03120523951948
4 3.20683219791619 0.735090549482703 1.07488883552142
3 2.97979847740494 1.2638570800019 0.978886474436149
3 2.15684415596518 1.48027419024443 0.984271842287853
2 3.36780355119654 2.16637622300083 1.02790434006602
1 2.92121396004208 1.92821490493616 1.06122301337309
2 2.03424108008419 3.67389694486375 1.07806134251878
3 4.0185131854834 1.44576290478944 0.994077528547496
3 1.80421965741317 1.40723254036897 0.908507013507187
2 2.93277901396684 2.93205293728354 1.03534690844826
3 2.12832848517628 0.641933618522463 0.98077522511594
2 2.96860496329854 0.135126303619449 1.02667080531828
3 4.55186000628321 1.42844587071627 1.0732402515132
5 2.05415989982385 1.51722890312136 1.02816966148093
5 4.46894472632054 2.92355596599447 1.00223429915495
4 4.24438609929548 0.926286751087721 0.93363536838442
4 0.830997275465367 1.14406581199716 0.903220459027216
1 2.25499133782012 4.62092426056731 1.00440317112952
3 2.98686096994195 2.64368485854303 1.0704816356767
4 3.23836350970724 3.9071516854312 1.04827378974296
3 2.75161189636578 3.73121087156096 0.913221185980365
1 3.86272990361642 1.88568791580019 1.03319010846317
2 0.610745458135562 0.952075277275229 1.02923670015298
2 4.18906021837648 2.49458147507405 0.903225172031671
4 2.04012438527726 1.98313680248168 0.918768433388323
2 2.90237924476544 1.00132571771139 1.05781375677325
0 2.91146849110826 3.32331587007514 0.940038029896095
3 1.33762074075659 1.24778479661542 1.01413167798892
1 1.94326961079818 1.07724781905506 1.06876255255193
5 4.09235684256096 2.53461774946897 0.937125452561304
3 1.28284468938278 1.13586732116011 1.00641012312844
1 2.58069445268907 0.0726902986872304 1.096933696419
1 3.66238350418382 1.31501311235734 0.938177255447954
4 2.82696918586584 4.10341519681196 1.07409994788468
3 2.56550222329081 3.46759649944763 1.00452779098414
3 4.1208890129486 1.65368255918414 0.907600060850382
2 3.45649513922085 1.02019953768615 1.03947813208215
1 2.04673908879809 3.06651963960289 1.08522745231166
3 3.64073881340344 0.731840589966859 0.908506220253185
2 3.510469356949 3.09325107163688 0.928928402904421
7 2.11441099183956 2.13577431953359 1.00574092185125
3 3.83647728454472 2.38892236725269 1.0585966121871
1 3.0930525337102 2.19994115971752 0.995062245381996
4 2.74354622215838 2.45502498967092 1.04752327846363
2 2.82515371134305 2.47092599045494 0.962794364895672
3 3.27918994948141 2.80828285058473 0.95548443282023
3 2.14855395804772 2.3478267396014 0.962200491176918
0 3.04994769879654 2.22304353026572 1.01448876913637
0 8.92779276307848 -4.52344074438692 1.06439320705831
0 12.1423124647467 -5.48345174852643 0.906290102237836
0 10.46313058585 -5.73162813321163 0.919378461036831
0 8.17697962845612 -5.15946354742215 1.07942798235454
0 9.11339889952916 -6.21465939483392 1.02806432484649
0 10.3221519236697 -5.19007852263853 0.946423262963072
0 8.60237875390369 -7.66522407994503 0.984660936379805
0 11.732364295441 -4.77389219430326 1.08778980732895
0 9.6814180847013 -4.42510089417299 0.925153880333528
0 7.80726100984389 -5.82610249267453 1.01841526762582
0 7.68704071948834 -6.83992800985119 0.989880235726014
0 9.3995708398898 -3.815249331383 1.05685068075545
1 11.0084536158872 -3.82092363679949 1.07812998644076
0 11.2605374916797 -4.5087785384427 1.05178695842624
0 6.41556303161142 -4.91062042546004 1.00622417903505
0 11.3975302528774 -6.6342822620754 1.07936019613408
0 10.2216591249066 -5.89613640045608 0.90021577454172
0 9.62483177999495 -5.47120928812262 1.086586046312
0 9.36492279299521 -5.00364350183544 1.01200772426091
0 12.1658932252201 -4.10642330621282 1.01784367738292
0 10.8949586652747 -4.51538008247808 1.08843415593728
0 9.4119710272819 -4.8445941824317 0.963858398841694
0 8.82551641163007 -5.44946137199492 0.984850854007527
0 8.7196714159063 -7.02114285016624 0.980383606487885
1 9.44010927450738 -4.21334335205264 0.904716575844213
0 9.82828005572765 -6.33351304157133 1.07262999215163
0 10.857681807826 -5.8123167949904 0.918554601119831
0 8.46897042601894 -4.91251238422316 1.06685494366102
1 9.05140156673004 -6.40395982749595 1.09219514587894
0 10.6468594055186 -5.42936597826918 1.08825591513887
0 10.2904685520623 -5.67314766026532 0.906781239248812
0 10.9892998146763 -4.60278411873166 0.939164651092142
0 10.3690875783423 -4.53839032904162 1.08511044438928
1 11.2833356369322 -6.26799967524891 0.921311726002023
0 8.68910591708697 -5.4055283826165 1.06050198297016
0 10.7142385087175 -4.9234494498977 0.959459340479225
0 11.1245037361378 -5.26074649135006 1.01112412894145
0 9.99689816244258 -6.63862521567712 1.08373575140722
0 10.1847156295 -5.48923857090815 1.09640392870642
0 8.51223957075716 -4.77365744631356 1.07700313017704
0 10.2094853271127 -5.51415399989175 1.06979535114951
1 9.66245473744604 -5.61860258688464 0.97868946515955
1 8.74965396715955 -4.98281011860568 0.96627569841221
0 11.7048269202702 -5.25603804957459 1.09108193041757
0 9.26701658805979 -4.91752949865856 0.954230451537296
0 9.02083806370693 -5.42886514463585 1.0712088690605
1 9.33407720738792 -5.1886088179001 1.01912989765406
0 10.1158680339906 -6.152051938003 1.01438198848628
0 9.26814429241633 -5.03415126139809 0.956504780845717
0 8.43761784794788 -6.32798611385644 0.971030594734475
0 10.0112607888578 -4.60779143013092 1.06682430389337
0 10.8392903428877 -5.81683684047389 1.01110902549699
0 9.0349975667732 -6.91374852659005 0.992256157752126
0 9.34811039460296 -6.52940937410401 0.961138566117734
0 7.77487981306147 -6.15518861666577 1.03727916455828
0 10.5005418852505 -4.68773709711259 1.01004960797727
0 11.7653575910526 -5.21210518059597 1.0489632751327
0 11.3441655325082 -4.66407706599445 0.969164110999554
0 8.26714286339326 -5.19751758460611 0.923123504361138
0 10.3826942994445 -6.23606235069929 1.07569277174771
0 10.6066073611489 -4.86228272652501 1.03783053485677
0 10.3310558028304 -3.16954920588231 1.02134505268186
0 11.3552698704019 -5.08222696030696 1.07160742017441
0 8.9972424923987 -3.92074407585015 1.024568213569
0 10.2740644389321 -4.64546075008171 0.936531363800168
0 8.9160881078891 -5.27968125696929 0.91349600055255
0 11.4566792992989 -5.04401460924727 1.01569124865346
1 10.7205289287482 -5.25634475365561 1.09380040066317
0 9.4395673597816 -5.32547382265254 0.958984713070095
0 11.1305458442362 -4.37496859278782 0.904781186999753
0 10.65682084191 -3.8281165282306 1.07928361464292
0 9.0687659452448 -4.84958107156456 0.925600022030994
0 8.64964044490827 -4.52507878778381 0.941997635690495
0 5.59540438246878 -6.06780942299361 1.05814719093032
0 10.7462686361714 -5.41417724685019 0.978073365194723
0 10.0576401743606 -5.99101797377009 0.96235267627053
0 11.0874248898093 -5.83969435735833 1.04180900417268
0 8.89342934815612 -4.28503128578396 1.06308656414039
0 9.28538747524633 -5.5565227816095 1.07516684271395
0 9.57267745816324 -5.13371599933437 0.922718179645017
0 12.3270564348305 -3.82375989616846 1.06431271941401
0 11.1557364765656 -3.72121915144295 0.978236797219142
0 10.1985963270771 -5.47338705743089 0.955070360191166
0 10.237664790393 -6.44810166213021 1.02334845433943
0 11.2626177385809 -6.07355620660817 0.939244058309123
0 10.5656951575418 -4.99359814737429 1.05862184255384
0 8.98757640494737 -4.87314063831885 1.05491199670359
0 11.688101587555 -4.38680674734016 1.01814483567141
1 10.4267935733739 -5.95528934238951 0.925691198464483
1 10.1447579672593 -3.95908207300814 1.09317598082125
0 9.38859845065513 -4.72307034226784 0.904465921316296
0 8.48074726307565 -4.80507296275512 0.983804848557338
0 8.25869931032975 -4.7872525973182 0.902903576707467
0 11.4305294748263 -5.35441397633036 0.903557479334995
0 9.79320033959224 -5.66354630925257 0.979163286043331
0 10.5765294670491 -3.80999788908388 0.91308170389384
0 9.80456378532195 -5.24054270218504 0.988273663958535
0 11.0669511037635 -4.47309803459497 1.03475811011158
0 9.88294040649071 -4.33979015108975 1.07064580977894
0 9.50101003885178 -4.63174919219233 1.08322722581215
0 8.81434448814887 -5.86816475683862 0.97398464595899
0 11.8990837943922 -4.18661623579822 0.902506634453312
0 12.0918311362697 -5.88418243325974 1.02867417880334
0 12.4977684313647 -3.63956555069342 0.946598623367026
0 9.20174005241326 -5.3136005529683 0.927789038373157
0 10.0518686752805 -3.0378886102812 0.946406534546986
0 10.7666787522619 -4.94433506020169 0.95776816662401
0 10.5591498610828 -5.13774673906068 1.09509820681997
0 9.59812466171012 -5.67766783660387 0.992455966072157
0 8.41644620294637 -4.83168563367915 0.939472428290173
0 8.31368144695245 -5.46458380727405 0.920540252095088
0 8.51809985331679 -5.30579396771029 0.951942654373124
0 11.2952059433055 -4.91616575982553 0.911834016721696
0 11.3572026351014 -5.12081147151514 0.97072034580633
0 10.2173916668841 -4.53663353164091 0.935394890746102
0 11.0451366886861 -4.54042446321725 1.06582359322347
0 8.94582029067287 -5.48331316108993 0.983356583258137
0 9.46250069717835 -5.61008100553659 0.986965388432145
0 8.13236867329242 -5.93276324571081 1.06563750961795
0 9.35532008229636 -5.60921659001012 1.08144766702317
0 12.6832252500479 -3.46283716735666 0.968874006951228
0 11.0715203799203 -4.46827415021136 1.02086873715743
0 10.4221232252722 -4.8568039464972 0.992197530157864
0 12.4028815241023 -3.24062578029192 1.06912328051403
0 9.332781794274 -6.24474201446197 0.937311364430934
0 8.10282948445713 -4.98188125708667 0.924690483789891
0 10.2515707197676 -6.5208202485819 0.974157126573846
0 8.47345298882218 -4.07271395462478 1.08981129401363
0 9.16456829941646 -5.03555186219329 0.942847433267161
0 10.2015184426146 -4.26014054502318 1.05861156103201
0 9.87257188486382 -4.78206890273306 1.06720331432298
0 6.90951542976417 -5.38105845311517 1.07205402590334
0 8.77610199490875 -4.61015354459338 1.03103001611307
0 8.33853722858739 -5.06442891323968 0.97562344125472
0 9.93530232721688 -5.16528675471566 0.981538685970008
0 10.040312644063 -6.05541939445308 1.08909962009639
0 10.8476870506113 -5.14793413254347 1.01338475937955
0 8.94730087357046 -5.5591472578997 1.07445810534991
0 11.9392644398826 -4.16422621840028 0.914264554902911
0 8.9164743546302 -6.70429519542773 0.983781977044418
0 12.0478957529635 -5.06650497106459 1.0046243629884
0 11.1613972383316 -4.71486364228536 1.00415348280221
0 11.0549737901364 -5.094419675073 0.963406310649589
0 11.6920549880237 -5.27261595902289 1.06005967278034
0 12.0481977402115 -3.62810896408601 1.0394630882889
0 8.39986495269188 -4.70265735182465 1.04494032124057
0 10.6299990418355 -4.59942272761042 1.09248761655763
0 9.89151443785158 -5.55952778303318 0.976582268672064
0 10.893403147835 -7.44323258016464 0.919311827234924
0 11.0097540176095 -3.90559053758714 0.918164950655773
