1000
2
Variable1
Variable2
1
FixedEffects1
15 -0.898369171402995 2.68220080855862 -1.06747456654071 15
12 -0.193986663016041 -0.433890139453822 0.380182048873806 14
11 0.926383915384663 3.04057023504185 0.0503146613548861 11
13 -0.110512539577244 2.68719079185911 0.26040193717516 14
9 -1.23150817925743 4.63534671105394 -1.93741432089159 12
8 0.536816178396017 2.95656258489067 0.889081247192861 9
7 0.612162553951038 2.11364206144558 0.801130423179828 9
6 -0.442896435926114 0.338289793368919 1.81485413573717 6
12 0.118817441367802 -2.46990714670784 -0.364702468585202 12
7 -1.00081717036528 1.20288879593325 -1.52002224338049 7
11 0.766988917130004 2.44042434306606 -1.22447933407893 11
8 0.161742168028729 2.83063495106024 -0.13860853282851 11
6 1.95998436084241 0.893054924511002 0.742697955740969 6
7 0.536012666986731 -0.445295572655138 0.237592086622375 7
13 0.104245085536199 3.02477178793705 -0.525531830016609 14
14 1.23002775504984 -0.240022126937283 -0.798969435025341 14
5 -0.969875490036679 4.33965165749408 -0.632342191222879 5
8 -0.063138247626701 2.43402142545667 1.6784025094729 9
6 -0.94163284969856 3.96929720421579 -0.0592966352025082 7
9 -0.509205322456945 2.62666458403837 -0.315029380985763 10
8 -999 -0.273234801492895 -0.932698788245092 8
9 0.764024399296818 0.0594066232873303 -0.856316253081279 11
5 -0.32809793363257 -1.97975249835466 0.895099000382664 5
5 -1.21566827367522 1.83966366972406 0.90729007331188 5
5 -0.477242747811166 2.92798300196112 -1.97595600285912 5
5 -0.934369971722805 -1.13208981123848 2.99098446714273 6
9 -0.568279653425027 -1.99094148574588 -0.0578635198302183 9
12 0.778787235169697 2.45937224634659 -1.51570908141511 12
9 2.20769525968269 2.19083609447366 -0.0223200062187929 10
12 0.514674237865696 0.192588383884786 0.618291881449414 14
9 0.469054065544245 4.11552157130262 0.895004035405251 10
11 0.297558870490969 2.52578649724542 1.62589630589401 12
13 0.294700261963211 -1.32726656557403 -1.03953518380131 14
7 -2.38555394649374 0.721149552150655 -1.37730628468136 8
5 -0.314017704051167 -0.257731448265633 1.19948527388754 5
10 -0.462684501120529 2.49896079160254 -0.65977147159191 12
8 -0.853283670505579 0.925146922448863 0.617072725656475 8
9 -0.760608022541094 3.5824268235152 0.901019529765795 10
9 -0.314726467234302 3.61880311936944 -0.900350482250636 10
6 -0.213646065586638 5.9240170873204 1.77774257879703 6
14 -1.55102659004273 0.387613380736511 -1.14291521328086 15
14 0.493774229887404 3.72790548663277 0.428886982174319 14
13 -0.377902667740808 5.10692111124095 -0.616965233691254 14
4 -1.11510919772009 1.7968285072255 0.678492829836711 6
9 -0.1405709394575 0.492385033980519 -0.297306427610864 11
12 0.15475031032612 4.07969828584612 0.699063795032214 13
9 0.949801987958357 1.10279092237768 0.360551858995734 10
5 -0.10131442141752 4.11361173665978 -1.24953723499106 5
7 -0.261816065751508 0.283580928624851 -0.428375297506364 7
10 0.147350735030257 1.81301955389281 -0.103106399716072 10
6 -0.202437551599752 3.59048559053724 -0.386511543223822 7
10 -0.719315639252023 -0.0623483217805445 0.45035426173955 12
4 -0.795449841889561 0.0529935838362889 0.115059143038564 6
7 -1.30839186617992 -0.242766172897998 -1.09308066816112 7
9 -0.241999122818319 1.38095401475223 -0.999269140312464 9
8 -0.311088487498595 0.0922064073231683 -1.32734116929771 8
13 -1.59165551567576 3.0371624775108 -1.17319152747799 13
11 1.94578981313232 3.52278162209852 0.348529379101071 11
9 -0.410695456442877 -0.712793759780603 0.826300623432923 13
11 2.03085508088624 1.99057281342692 -0.594833816499511 12
9 -0.05938003026883 2.65259459927208 -1.10169383754092 12
12 -0.908342438637152 4.18517210884644 -2.49570919660013 14
5 -0.941030768824341 3.20746888211847 0.0612173729174566 6
6 -0.597867216658244 -1.3518482935688 -0.874883491234915 7
9 1.34063784809803 2.14117957370962 -0.328285846875187 11
9 -0.536029703604428 -1.15096926298834 1.13856056071625 9
9 0.38514852091496 3.75267351227592 0.915430770043086 9
9 -1.02028308291683 2.54444610123063 -0.715447073453741 9
5 -0.629080263751793 2.64733915933389 0.646281930295186 5
4 -0.481210925523841 1.47162880001934 -0.761573276221057 5
10 -0.017785937893528 1.34889693922546 -1.08354635149983 10
13 -0.350214878245417 1.32990151026398 0.93395293296006 14
7 0.7374561373076 4.1180460365481 -0.9741010793666 8
6 0.285166618668635 0.481871342763249 -1.74188376541041 7
15 -0.479356718957695 0.20453403161193 -0.925062380904497 15
15 -0.650348654325301 2.18092914319153 -0.525226520144429 15
12 0.850554118088698 3.69603238030902 1.02954699258422 13
9 -0.87098721428402 -0.20401722336155 -0.567736803360989 9
8 -0.403990517049251 1.43822394731682 -2.00756331802676 8
10 1.33681192473094 2.36564238463258 -0.542338637972778 11
10 -0.381207658416495 1.75722360866614 0.0195667775494683 12
12 -0.0247103282897014 3.41425204019764 -0.462864142443244 13
6 0.281332194388656 2.63774903673039 -0.161946816350832 7
7 0.113500296080577 0.457967836271486 -1.35326625709049 7
14 0.408402406213403 2.28124625098865 0.929123755113977 14
11 1.34915311217865 0.827671939830029 0.156348947978965 11
4 0.641278761855786 2.99292776921031 -1.15663294438013 5
13 -0.0533697572861544 0.450362755570419 0.27493178354167 15
8 -0.749008212211793 0.13526787711108 1.10573611822461 11
11 0.641385999657755 2.51275702613977 1.13854862598253 13
13 2.06636858079112 1.15315757362342 -0.565360486117098 13
5 -1.41759368043588 5.9102702634988 0.413348246710476 7
7 0.502946851459349 1.41094791955522 0.622848534705971 8
4 -0.240553690193603 4.71633330417535 -0.531240958129617 5
14 -0.604610078081015 1.26535638736683 0.749489612365204 15
13 -0.334213986356405 3.97198880889254 0.91965420134908 13
10 0.299306768162838 3.1521039170158 -0.490495500108694 12
8 0.552661463890145 1.40060487988196 0.904761702696185 10
12 -0.337169797139243 2.15356863129317 -0.782236836588642 13
12 -0.0355577726766035 1.57658232315973 -0.668310806443417 12
4 0.210394702888134 2.66008712988683 1.15738530711515 6
13 0.563349909203562 2.13497872823792 0.155964607225374 15
12 -0.680319889061196 2.36895504276609 -0.951978082035295 15
7 -0.569575390296717 2.73021654907854 -0.248237427429873 8
5 -0.614814958290789 1.87329022355623 0.549973242500455 6
13 0.948888597988086 3.52005840734953 -0.667055898343257 15
7 0.584117204402913 2.12866191733885 -2.4382339308722 7
8 0.253779727089674 1.73201129870324 0.174346691860875 10
12 -0.0718103369835585 3.00083936714602 -0.661382267512339 12
13 1.40849544443203 2.99285021796736 -1.64513757504186 15
6 -0.974734244040793 1.32816203842639 -1.37847720463304 6
6 -0.39127625119005 -0.531583712667762 2.05603656098634 6
12 -0.367791671584415 2.7376057913649 -1.51426231747855 14
5 0.612563760222156 0.783443166475635 0.577164964210993 6
11 -0.326795909384289 1.54095075483639 -1.14716175879041 12
7 -1.08455411030274 4.16990551815919 1.26679408089124 7
11 -0.290625221984789 0.263024204599932 -0.312793654698943 11
8 -1.70195592071962 1.19588070243499 1.22890909678392 9
8 0.678823184676116 2.21941328124108 0.045481413043832 8
11 0.749917393653145 4.30475373936909 -0.0634746260422423 12
11 -0.183825774572067 -2.66944554690889 -0.404037356610088 11
12 -0.4874474029505 3.86113815686366 -1.89790126094135 14
8 0.639078448650493 3.44615947692672 -0.970277415244587 8
14 0.868962687488403 2.47908543606033 1.05335352016961 14
14 -0.213922997797528 3.51850744039422 1.73825953069588 15
10 -0.240813813932343 1.06780714188451 0.902768406676489 11
6 -0.637150936276605 4.32491552823393 1.29813436526819 6
14 -0.274235665923595 -0.29987367070093 -1.24208593654834 14
9 0.76522727860699 1.43632656750096 -0.411022957675755 11
8 0.647226671194974 3.26921856916465 0.500282556615375 10
5 -0.212033617765964 0.237401847754335 -0.366126372542391 6
4 -0.59997865555474 4.85965467888641 0.148885004652915 5
7 -0.486048589059372 2.44784580175289 -1.45913454432419 8
6 -0.604777826427273 -0.440509443333835 0.794094853459639 8
13 1.13288130547568 3.44139396305857 -1.19460143858924 14
14 -1.00337458330393 1.020819677493 0.885715497639181 15
11 0.346199635995735 3.87003926849951 -0.404580028075381 11
11 -0.240900452866848 3.21359575508957 0.095516150996642 14
8 0.235840996207128 2.64838761680674 0.5260827738953 8
13 -0.71412781077442 0.718554006045329 0.332520380870366 15
15 0.411219132607391 1.50750982532766 -0.749783369479713 15
8 0.511719187687541 2.53055116025048 0.523579303372323 8
6 0.627613268247753 1.51646451666485 -0.263063434486359 8
9 0.20292967298329 3.79562333228239 -0.469035339406047 9
5 1.0054231803171 -0.240279306562377 -0.264662895084088 5
8 0.320644313049136 1.77767335082246 -1.64257066762538 8
7 -0.271627653879968 0.961876090145445 -0.244282382883217 8
13 -0.642162711490621 1.68400004572615 1.42558373851828 14
9 0.348684131852215 2.32904913351713 -0.168469836390999 13
13 -0.40631028302674 0.605893930219232 -0.931613292158091 15
11 -1.28409093599107 3.2033287137303 -2.30288363841923 13
8 -0.473712675487279 2.74781890796977 -0.780045204996759 9
4 -0.907319991399546 1.56454739051393 -0.251945579940113 5
8 -0.262493574640519 1.25561797272134 0.714994981171199 8
10 -0.234981723160983 2.78011415944157 0.813309006381802 11
6 -0.177322802914809 3.12887758788435 0.0678973405067646 6
13 -0.0695522655592878 2.53304258345998 0.377691731184917 15
13 -0.430954568090077 -0.267724197306706 -0.643788426778157 14
12 1.03080447381026 1.3254378891298 -0.116162503753876 13
8 -1.12694833555901 1.85960547341484 -0.122089912913834 8
9 -0.41530153349702 2.98513882582325 0.810681418684824 12
6 0.205278403151079 1.76380871828798 1.19314316734564 6
12 -0.93103860821669 4.64303029197101 1.66944654174377 12
15 -0.43742246839498 3.44178314649441 1.20643598287442 15
8 -0.392554432774484 -0.39162375883152 0.71596015430912 9
6 1.69117885498048 -0.750349699134994 1.12412393243285 6
12 -0.17912776193897 0.208064902154551 0.92375619910632 12
8 0.433068078460063 2.71075437186263 1.02948539758237 9
14 0.526204895547994 4.3627123900343 -0.0237037362409925 15
9 0.337841903458444 1.51908244644101 -0.208926594416877 9
10 -0.355888746667866 4.28202221550857 -1.0996982171668 13
6 -0.509394575950473 4.76378566232636 -0.322557144829751 6
5 -1.03516577809434 3.41647158683218 0.549038746096304 5
11 0.486917456547498 5.18428949908381 -0.559851998489736 13
12 -0.389079100303766 3.58509572306058 0.219407972949691 15
14 0.0151587974464107 1.07252579687501 0.364116695266437 14
9 -0.682654750591021 1.02749888428048 1.23331513728297 11
8 0.361287392546602 3.80355208166637 0.925336764615083 10
5 1.14314004117629 1.176850258581 0.00377709918359938 5
10 0.0326578634870237 -1.15904145647389 1.29768213103042 10
11 0.172682155835069 1.2112521743774 1.4262958308468 12
12 -1.09267113473482 3.07023888413083 1.03469621019388 12
7 0.172356472753427 2.38131725556778 0.813957830930173 7
4 0.118201524819979 -1.75334703977428 0.772031593133097 5
4 -1.46877195591606 3.40102892511039 0.45607586913161 6
5 0.0283056608512271 -1.41684463018876 0.345350171624777 5
15 -0.437416311361869 3.15025895536442 0.745659762223175 15
5 0.578001740310782 1.07842090335953 -0.594088467927284 5
14 -0.830538094011254 4.25647940988244 -1.13767503798238 14
15 -0.909982635474122 0.532821518462612 -0.361251411159069 15
10 0.781025432592789 -1.38798034919321 -0.879292813044713 12
10 0.630706112158869 3.1629379082773 0.30329177635112 13
6 0.697441294873391 -1.37937724031603 -0.344623887564099 6
8 0.217314252359382 5.72862294857352 0.520100407909946 8
13 -0.646997226650513 4.43743384882509 0.203490074208469 14
4 0.439032097565248 1.73988204343568 0.637242011658324 5
10 0.376554529805404 4.33435421364776 -0.149871258922373 11
14 -0.119060960032353 1.60602217693208 -0.328487590876702 14
10 -0.953996294696965 3.55077024784002 -0.668385727457621 12
5 -0.380665726926769 2.26163160636208 -0.384926038077591 6
10 1.52686458054073 1.3323674614375 0.137132371645395 15
7 4.20311479168515 5.08646944816316 1.4447249411955 9
11 4.16493658978818 2.22393412439148 1.13055903220375 14
4 3.37412239774902 -0.720785580601001 -0.492845566867999 5
6 2.0152411920146 1.03471063379485 -1.23583260059385 8
6 3.83248490376568 2.01475242474728 1.42283632238324 10
11 3.11146770506194 1.23485694459825 0.827573642289889 14
7 1.81285531352095 3.34338484242329 -1.71192340873187 9
6 2.10726256711036 3.08622409342622 -0.184734795156382 7
11 2.89057810500585 3.65466619100315 -0.392019207550507 12
5 2.25647927044033 2.03419750509212 -0.782364934132311 7
4 2.51473542321618 1.13977902090251 1.60201792446821 5
3 1.82363594268528 1.37166566896422 0.0556200413615746 5
8 2.04102708499442 2.56754627187877 -0.838750610119995 9
4 4.07816432922153 1.76736864838933 0.470763254602921 5
8 5.20036423659688 0.82952252856771 -1.1251951154226 10
4 3.2982867794428 2.69505280906028 -0.0353676012839978 6
3 3.98382646270209 3.7427070027158 -1.073159286298 7
4 1.47193257580791 0.745317005404895 -0.530863736976904 11
2 2.76220439331745 2.15236828555299 1.44788215190172 6
9 3.41401640195733 1.59131902234225 -0.384398987428986 11
5 1.39446261223277 1.60604966887429 -0.144882138739945 5
8 3.50760779665344 2.19477232796077 -1.00169905023739 11
12 2.78112768325912 2.33398756841857 -1.07289187379572 15
4 3.48765051512168 1.59043939469177 0.382592346809833 9
7 3.0230507184678 3.03372677643417 0.178259292041337 7
4 4.33429586133948 1.34864790242175 0.882026245379728 6
9 2.16472335852299 1.34336905699656 -0.830645161584477 15
4 2.14456586145095 4.00501960227295 0.177673558277485 6
4 3.77424772943753 1.57227479265534 0.422516277100811 5
6 2.58711113986276 -0.300365763606012 -0.00406894587027202 7
7 1.4898231075667 3.4072513203544 -1.93434301699586 8
5 4.06725521495395 1.52762077356278 -0.916855396339187 7
11 3.38488288092489 1.62735342216402 -1.58104236949262 12
3 3.05555628845909 2.46481304381983 1.33748566828825 8
2 2.41484918043201 -0.593613088765561 -0.702255690292378 5
3 2.79445679267088 1.32037451640726 -0.138834722676747 5
12 4.18931864653395 1.84921875484726 0.922799858690596 15
7 5.52953913879156 1.78187337671575 0.184771808633721 9
11 3.09728420966499 0.955004849091105 -0.0346332021715592 14
6 2.99122507650665 1.59670942350946 -1.59153944835778 8
4 2.29718882276005 1.66800825497367 0.618463626945523 8
5 2.56347596118479 2.8579369578385 0.692139906847638 5
9 3.5187160508741 1.44055902646734 1.33644739860045 14
8 3.2917904051621 2.10198293425518 -1.38677737662767 12
7 3.93802543446315 2.23694966847673 0.128019118693364 7
9 2.95267478042461 1.67264499674987 0.225899392236059 12
7 4.23083186340219 1.67390396501613 0.821259183086489 9
12 3.21569919697296 0.119558388169627 -0.5959360034253 13
8 1.32714164520971 0.896893007609982 0.445325501440414 14
4 1.96017803348917 1.45968658285846 -0.0820339647172061 8
9 2.33769932615162 2.3386522765872 0.52405671015838 15
9 2.97164028611222 1.40653891989018 0.477422177947845 13
6 4.61048600191398 4.02519120988411 1.77820882544221 8
8 3.73821509144896 3.5876776582311 -1.88262988999075 10
8 2.7782103345583 1.6123666103449 0.331144582287403 10
5 2.83680891994571 3.35518896074591 1.24421791335347 6
9 4.17542558407053 3.42070664554658 -0.934668446742559 11
5 2.94474813774576 3.64555406231407 0.83709989200758 6
4 2.93320545296383 2.65501485649327 -0.991614970382603 7
11 1.76454219942083 0.615839583262721 -0.324749858682186 12
9 2.39148869907483 2.63575985214171 -0.32569946011674 13
6 4.84718841269536 0.740521950220592 -1.45741295081908 11
10 2.74485313743884 2.62654684232612 0.564682917199968 13
7 4.43111472985274 2.31894262238614 0.842443767991358 8
12 3.21609217407089 1.65458006986782 -0.333908488122943 14
5 5.09995740499942 2.27333975859057 -0.59093466363137 7
11 3.95848775248801 1.03478272695582 -0.48345969476399 13
6 3.30199933523302 1.26931707182874 1.36301587419716 7
6 3.18805283117072 3.18369322623392 0.180559328559744 8
6 2.84563257625198 2.20853205789512 1.29759526800139 8
4 2.06116337928173 1.70726563484869 1.22741541867124 6
9 3.6023256499134 2.90512680239081 1.70380428543928 11
7 2.18213995769751 2.16972115166381 -1.29477326575133 12
5 2.39029030982641 1.82125992751745 -0.304701254964091 9
6 2.95088907472639 0.168276905498421 1.27784601543115 12
7 1.88195025313765 0.434506349736389 0.088388423979892 11
3 2.98788851621553 -0.203747573106313 0.0375666978208215 5
10 2.39189002400127 2.01672574810856 0.356541650752075 11
14 2.82825001061271 2.4195884208013 -1.45663807726435 15
4 3.94499390439114 2.51068851583286 -0.268306269911127 5
9 3.1393100593666 0.554252514762194 1.2092546966543 9
3 3.70358059261916 3.05462892960496 -0.207419014064805 5
11 1.86382664282804 2.07835514469382 -0.50640169856212 12
6 3.01009001404621 3.51513379959211 0.0148571803612867 9
11 2.62185841229622 1.4324866315813 1.54333198820541 15
11 3.14158464383487 1.89600647147512 0.248330712196612 15
4 3.75239695170362 1.79935412734404 -1.67938591554419 5
12 4.91629580740346 2.22098812544163 0.058999702451179 15
4 2.97596087383822 2.05863960554488 0.633312655563358 6
5 3.9855049041286 1.80862521592995 2.34597067028564 6
2 2.48205492121669 1.81366413910159 0.0762502692733922 5
12 2.03522510491895 1.06329109466366 -2.50057161156373 14
11 3.8012029599222 1.05210371429226 1.23265327962729 11
7 4.0057521546569 3.16069174509855 -0.374055860734365 13
8 4.22076816118336 3.16093777675266 1.6037272568694 10
8 3.22296589495466 1.10902546876838 -2.35640196979409 11
6 3.94406239594105 1.78638638534404 -1.2610795493123 8
5 3.29156011956128 3.78392631874317 -0.899444628255836 6
11 0.318196554504622 2.84833238046033 -0.967856740288943 11
6 3.07358637400739 2.07970687167838 -2.5453864306359 9
4 3.34007670836525 0.819508823368728 -0.819950796829091 8
7 3.13693179043848 0.905312813069518 -0.128730318343829 9
8 2.63738975009538 2.25539173645925 2.68557056193539 8
4 1.84018687293357 2.03196027321941 -0.451629346300217 5
8 4.41170137291079 1.80380443920034 0.293538888246172 11
9 3.79335608621561 2.63827558018625 -0.0648925295765572 12
10 3.6690574694862 2.9801124462759 0.361147579826437 12
10 3.85763843769998 1.74621040709377 0.365189293907507 13
4 3.94255465297003 3.38697627461981 -1.45646910999816 6
11 4.97780670504295 2.39475721250974 -0.121938286312234 14
12 4.65251904207383 0.631878972412951 0.671415561601072 13
11 1.01090007228858 2.55697941783978 0.222836206543257 14
5 3.07137199327565 0.0957277786235464 0.725937234501413 7
8 1.95465948860449 1.69955840319222 -1.54478773385887 14
11 3.77404411155332 2.70794795763094 -0.0111020640903968 13
12 3.84649879276962 2.46335885182385 -1.33902537804542 14
13 2.48124833667927 3.80680059966056 -1.74819227784381 14
1 3.23238823642872 3.25610298470762 2.2460708755836 5
9 1.916810920916 2.49597596386677 0.316041028268458 15
5 4.06229585577452 1.6020704613826 0.450705582968743 6
5 4.10375300231312 1.41330374890113 -1.18857935022538 7
5 5.97482355598009 2.2931150761891 0.200718436908682 9
8 2.30331890750315 3.49199511761359 -1.34653770296446 10
6 2.38574649134272 1.13207770804887 -0.441473383659468 8
9 3.1150102360694 1.49445307385506 0.4385963673937 12
7 3.35172887535053 2.50140506931381 1.40006257615078 13
7 1.74494259588105 0.943662489584312 -0.287220147610132 11
10 4.03645735641579 2.95561825275836 -1.58392963425598 13
10 3.61773378349594 2.26735473530384 -0.163746374504474 10
9 3.88892359633646 1.35037756154508 1.12096006690882 10
3 3.90485288828732 1.85730057095437 -0.268058683350861 6
3 2.83081075386686 2.78721186190131 -1.27608055812729 5
8 2.86496256858591 3.62660720187905 -2.69911767745961 10
6 2.8544262422409 1.8722129771388 0.20383369757527 6
9 3.59408867264339 1.89945860170722 2.20067256331613 10
6 2.91219820790541 1.61835150384737 0.266152176869823 6
5 3.19192572865225 0.506674080178055 -0.740382980137035 6
8 2.97212334495058 2.92373288237571 0.530870424174076 11
8 2.59998176141348 2.35723343114594 -0.762825456659884 12
2 2.22211936387115 2.56202678926517 -0.945050396222092 5
4 3.48390202950516 1.37658064433698 1.01877305077549 7
3 4.70862778256036 0.61984649443531 -1.39469044932585 8
8 4.22654250060133 0.957619373192049 0.466743853233416 9
13 2.56548465915876 1.11071514956837 -0.380101061421165 15
5 3.59284621679985 2.00274749858117 -1.52356748868998 9
10 3.00189501062791 1.52925509187829 0.341445382006063 13
5 0.8675532105211 2.68891889660567 0.283657295421268 6
9 3.22746069624499 0.706010392139384 1.15255954120119 13
5 3.05388607308456 1.31669994083589 -1.40721400442215 8
9 3.96583029324065 1.33025676167963 -0.540702323352799 9
10 3.14592141914225 1.5368581620527 0.952331443569673 15
10 2.64288548490528 1.24296839454355 0.187302948505232 13
6 2.47432154944854 1.60742579908981 1.19785176453549 6
4 2.72568569008328 1.1197546882439 -0.867774820845528 6
8 2.76512369431691 3.63687780790167 -0.323519490185664 11
6 3.58359263748877 2.05727033357861 -1.16126819063292 7
5 1.7259602628393 2.85854684352948 0.105595669551088 7
5 3.09941673802698 -0.26829065220122 -1.68435350239237 7
4 2.02729702864599 1.93399204347742 -0.213216606912281 5
5 5.01349769618938 2.28651952669713 -1.39536951227229 6
6 3.95544467191502 1.11540503424464 0.0833559894348623 7
5 3.38719068567859 2.74917226869919 -1.78005351240615 7
12 2.40942652296042 1.10521278714998 -0.606800947098819 15
9 4.62102952398521 1.21287017564553 -1.25165400733975 14
2 3.78647117490888 1.23348042126387 0.0761416073762088 7
8 2.84421156216949 1.88647634971076 0.118472544516564 10
9 2.15899819214102 2.82212804400193 -1.04197593553197 11
10 4.04526883830428 4.17757178665474 0.623563360064473 10
7 3.18603255231169 3.66992348820806 -1.00693756344087 11
10 2.67931496574601 2.02903736060656 0.658660510289594 14
11 3.15482212595617 3.77638916408438 -0.21864396505364 13
3 3.42839114971321 1.37469878408949 1.58705247014984 6
7 3.93047828707825 0.555846792841043 0.475891503639259 10
4 0.822876717689928 1.42820320798168 -0.470580087862843 6
7 1.22603809448925 2.12423203544785 0.87019600582377 7
5 2.86411069092617 2.17855684989289 -1.63204867904434 7
10 5.55164609161602 3.62364712711201 -0.348057996149594 12
8 3.18054275071141 1.97059513381 1.64695250812415 11
9 2.02595053234401 2.71007827500798 -1.49837629735092 13
6 2.6486835612526 1.01146811324172 -0.491976786842313 7
9 2.50164974495102 2.00236164504901 -0.0834801110237248 11
11 2.37922619131123 3.77607310181389 0.904185190030958 13
11 4.71736335210292 2.22882197988085 0.019388713281148 15
7 0.855153905143464 2.61250371387649 0.675499178960752 9
2 4.09044173921204 2.65747329566238 -0.772145498625559 5
8 2.28442334153657 2.01971966352448 -0.72287818284985 8
6 4.43651452591769 4.20685006624571 0.215742011558958 7
8 1.40843606230296 1.57305237634394 0.889172914725816 10
7 2.46429564222 0.730485912062704 0.354085755259751 11
6 3.66012372862748 1.60445953702292 -1.32523507003447 9
9 4.00751735546252 3.45868430881291 -0.622396517027133 10
5 2.64813081487348 2.53273855226747 -0.579312049681916 7
7 4.4785140042419 3.37048437415428 1.474266551655 8
10 3.43650065353112 2.20307825394679 -0.104155212313598 12
8 2.59402586729488 0.595140088206968 0.879877137266622 9
6 1.94942108527471 1.99483151747215 -1.05555589050204 7
7 2.72160368794414 1.84097119937337 0.301995424060031 8
10 2.8082705352408 1.14964456968161 1.11517136751927 13
4 3.05512639462153 1.05720935563692 0.16607130054854 5
9 2.65683873130969 2.28672818367597 -1.83550767190664 12
6 2.64044253343225 1.11662028312378 -0.00676618373065413 7
8 4.79692103044279 1.85467256591644 -3.13800687230661 13
7 2.3113096459129 -0.084752080703141 1.20330110247401 9
9 2.67971539861342 2.56987993629519 -0.719989504487438 13
8 4.3191645235839 1.85758940454117 1.87997912857443 9
9 3.45417073791787 0.0564082364859522 -0.0686541223241928 11
10 5.34028790796623 2.06148549188382 -0.247195300204839 15
8 3.65170182100078 1.48077961452552 1.01265887442527 11
5 3.0030190726407 0.853884570275532 -1.07589762167833 10
7 3.35341983155519 0.424809349970094 1.80250126133488 8
5 1.43368556770056 1.96764785482021 1.27593057794022 5
5 4.40204941582145 2.16579963482187 0.28884664243442 10
5 2.49462942078496 1.73959296386327 -1.72640690860079 6
4 1.53787002001043 1.47596586936122 0.795617273446781 6
6 3.76016104302403 0.681070711675572 1.79330802732042 8
4 2.68683551455279 -0.173936942765777 -0.6544698105788 5
7 2.00778856431064 2.62946931044435 0.166399481348025 10
9 4.08457424441109 2.85150937895788 -1.34733984113769 14
8 3.65224766910878 0.726834920960238 -1.25422657311439 11
3 0.959766116338151 1.98406825521138 0.0856723295995504 6
6 2.50760294868737 2.90349652975138 -1.08863992655712 6
4 4.17189303533095 2.96912852214836 0.0611601980966891 5
13 3.07957924520615 1.48629936393906 -0.914894298179147 13
9 4.04747164812384 0.434818483479859 0.331004211098997 12
11 1.37518806625856 2.74135114977298 0.844316811243914 13
7 3.23487310969295 2.27766437831713 -0.0359542788531649 10
6 2.22570652024364 0.82334206676308 -0.906200962257463 7
6 3.04198889745733 2.46199616133426 -0.889814238993376 8
5 2.93897012351563 2.49481577412555 2.04133393843682 7
7 2.47942313963855 1.15638653974544 -2.43834064533278 11
8 3.24552960499584 2.28459844293741 0.613010836679697 11
9 0.843614280579678 1.46894187162355 -0.921405546380403 10
7 3.34178365251071 3.28665025587657 0.0737971381334395 7
6 4.79052959566127 1.73489926325887 0.0766493878078069 7
8 1.35849548239617 1.54551185850775 0.521476052891749 10
9 5.25524806542327 1.50139186517178 -1.13961852303647 12
6 3.79758804582491 2.12310828893084 0.994825439885972 8
9 3.83161593098749 1.81804658833746 -0.996027059590536 13
4 2.98186475544157 -0.0321635062477421 0.426207359964512 6
9 1.51432593714813 1.29842205207591 0.922050620135377 12
6 2.65430758452323 1.69118038847838 1.20705088848321 8
10 3.71934120626001 1.86641813352995 0.670974323390079 14
6 3.0679883430842 1.82749749807697 0.166880294242733 8
6 2.49216245772217 2.67192681941454 -1.78793256045147 7
10 2.93013701381649 3.49032807128048 1.27997164349214 14
6 3.02859385260235 0.864176694304042 -2.03132370859582 10
8 3.69998585659985 2.81664194217404 0.103865455433766 10
8 5.82845669210756 2.37933624449025 -1.1213453175673 9
6 3.9545775954472 2.09571755547305 -0.728666285702395 10
4 2.78343277362529 1.89532632560724 1.01815903698931 5
11 4.40270295556532 2.83289286473847 1.30985851042725 14
11 1.34188842441585 2.02414138727814 0.259398653870999 15
4 1.59289142226939 2.09859601991067 -0.422616048789409 8
9 0.756328873849266 2.94285642455017 -0.183955311165377 12
5 3.35837653469045 1.04281236098086 -0.0127597927593737 8
9 2.02953790557076 2.65436693535156 0.668179496763516 9
9 3.04571443703042 2.62304075415458 0.716337248591774 14
12 3.21720008228936 2.3139949064827 0.72044512015985 15
7 3.24251448008946 0.528600927653669 -0.446346832784815 12
5 1.97365012074352 2.32540112650887 -0.705080813206796 8
11 3.71613483370656 2.33094941322646 0.0705808075619982 13
9 2.58844051698257 3.34250358873582 -1.27277328065342 12
5 2.84198693019397 2.57702856275644 -0.380669767365042 6
13 2.76834477093058 0.517565566025175 -1.07193237860095 14
13 3.19140260499063 1.6579508884297 -0.0607602983904632 15
3 3.72958969716807 1.37898431855366 -1.52748355825677 8
10 2.01855428651391 3.09633428111569 -0.651832252273852 11
9 0.713905959139308 2.13748541043181 -0.884453979968768 11
4 3.93609080958851 2.43166994924651 1.36816457281244 7
8 1.76234922317633 1.0306798188121 0.0688454347968332 13
10 2.75812384477472 2.53436528223897 -2.13627617337952 14
4 2.91372795309405 0.92691911440768 0.327709867340483 6
7 3.15857911898181 1.76958347733603 0.470930358557156 7
8 2.924196258735 1.2482310396365 0.218351331243879 10
5 2.71011410550499 2.16059501228642 -0.294310438043945 5
10 1.11680041542971 1.57231174787151 -0.206302270248306 15
8 1.19130500595582 1.62847539916884 1.50158189634102 9
9 2.53170480830568 1.49424365247506 -0.783961505773716 10
8 2.15281700433819 1.24091269123769 -1.80082080881609 10
9 2.20502285190803 -0.0981528858606553 -1.24290078316018 13
9 2.53467398205859 2.31757438226124 -0.73163316363343 11
6 1.39132520687969 0.833695492057511 1.29738419171253 10
3 2.61068331036574 1.75187705517349 -0.813779682610483 5
9 3.09102505548366 4.23259068479457 1.69325672813273 15
10 3.72585689976337 1.37589425371512 -0.136099698502623 14
9 4.6880924545781 2.10684073180128 -0.427123979730979 10
10 3.94852118456445 0.895574782460842 -0.469423652971544 13
6 3.3593542735952 1.42806867073971 -0.413254914913963 8
12 3.96774402082817 2.51153331679855 0.151254258306176 13
7 1.53759623840821 1.23556894874562 -2.14990094865714 9
7 3.40066394577939 2.39645230981445 0.380904136192496 8
9 2.41740102503408 3.71125545884027 -0.399137666224869 11
5 1.73101919585724 3.25262344293835 -1.11275000724405 9
5 3.7793103690009 1.59003579296762 0.0926398234158205 5
3 2.97557088621404 2.17846990467127 0.70570876912914 7
9 2.25445117077368 3.69834628986231 -1.50610121378939 14
9 4.24015228533243 0.779039405715914 0.0214661056156881 12
6 1.88510416601102 3.05424928979407 2.7223031544531 8
5 3.28740065462728 2.26118373685316 -0.980497792785216 7
6 3.96637696274433 1.41774053255357 0.627225026175555 8
6 2.45791556016262 1.01323036902578 0.685606627955787 10
8 3.90492587548398 1.53482896873927 0.566350684054415 8
12 3.71861926379318 3.25459498363612 1.48427583138006 14
8 4.35049990421958 -999 -1.08683729041413 11
9 1.98530381985281 2.44125822109805 -0.20878269147916 14
5 4.14649865344616 3.02352096851072 -0.290014968341958 8
12 2.95136945380854 1.78974459914012 0.343054790013676 13
4 2.43798100963375 2.81327259096431 -0.442667752588803 6
13 4.4234677455584 0.190478625192479 0.894379480423018 14
7 2.93326493564621 1.57593535682531 -0.414140101241365 10
5 3.66762189079949 0.110780159874199 -0.330036181276451 8
9 2.12598179633007 2.91738405985398 -0.607897102213735 14
4 4.01600076078271 2.64569753240593 -0.124363672464869 5
10 3.22015121872083 0.70367518774957 -0.224225910627069 13
11 3.70924402646298 2.65889869779533 1.10002941866379 15
9 2.48648557228324 1.55716267259245 -1.96982800481842 10
6 1.63487221306132 1.71378617440974 0.871161760864738 10
7 2.31782458347106 0.123748918802431 0.95423770548326 9
6 4.10336925610927 2.44834614247717 0.0860467213474989 10
8 2.72903980046189 2.72919098735647 -0.458703191487386 12
5 2.76757906393047 1.52792473649923 0.227783346690649 9
4 2.38280523178517 1.47742276022012 0.154647853172036 5
8 3.60068680169548 1.92585025715269 -0.257115518499404 12
7 2.9950355047341 2.44002835875031 0.489188437080911 8
9 3.8542704631684 5.44176484687821 0.756989901832704 11
6 2.34294636064392 2.78907865391214 -0.276682406211331 11
8 1.37128939348102 1.46825187734146 0.229410824345205 10
8 0.228689875252353 0.579376381731248 0.194414539728306 14
12 3.2731513014566 0.306175657209584 -1.25495898639032 15
5 2.13915871532861 1.85048563456744 -0.049586265236225 7
4 3.70373449614925 2.83234970189173 0.640415357094321 5
12 3.05124283124942 2.03279543529526 -1.17561676381841 12
5 3.75261666495597 0.0644035766469102 0.78884410548116 11
7 2.65672750189737 1.91415875651525 1.73744833790504 11
11 4.28381401497901 0.254154483676408 -1.78552336139211 14
9 2.98493086082642 1.43059141474179 0.344184732908634 12
4 2.97188613338145 1.89564345856656 0.392882053941512 5
12 2.05798154268033 1.80851717747584 -1.86520839957337 15
9 2.50390151778272 0.702252187759188 -0.310925453648825 15
2 3.13421457439059 2.26964532318349 -0.447545451825644 5
12 5.42208120502404 0.985985586959089 0.81103261958823 14
11 3.46552523070631 1.37822615862995 0.580405314829771 14
11 4.00296952573789 2.0643666800275 -0.178341084569734 12
13 3.81666837794537 1.48257661663216 -1.2403100532818 15
13 2.35566803583212 2.94433375714436 0.68147654086628 15
10 2.11114946457594 2.57386962770245 -1.61897524694424 15
5 3.75739382333014 3.45362136695557 -0.788117888278924 6
9 2.29498470104162 3.10989169652459 -0.650360379661311 14
6 3.54871561352746 1.50348970455785 -0.587950803003833 7
5 2.42972041038325 1.77931275882656 -0.649608778302716 9
5 4.63903556048154 2.62581674861623 0.115985923986991 5
9 1.23612427800399 1.39469515816851 -0.110231034056482 13
6 3.21835180810419 1.50273528686293 -0.766551300634841 13
9 1.26425604520868 1.7957812140863 0.0722578350925826 12
6 2.44661167538685 1.87618828743361 -0.400778813579275 9
8 0.922028871224127 1.69984614947776 0.476374775259634 9
7 2.91316041673528 0.453441034787427 -2.56595414961097 14
3 5.19645132025186 -0.372165267647709 1.52007064304982 6
9 3.24061537844496 2.43260111454579 0.965718895097106 11
5 3.17936787874796 2.84373490709918 0.0856464609330995 7
6 2.94680027726281 2.91100824715491 -0.0522908536736126 11
10 2.46083644856957 2.22315889685185 2.72219784522411 12
4 3.05773459510683 2.03060241311382 -0.568344334772782 6
4 2.73124922455275 1.72682095769096 -0.00803754861248264 5
5 2.83496782840668 3.40090161289171 -0.383319326744964 8
2 2.57584275750413 3.47166769609253 -0.0676616605391608 5
6 1.62178282350139 0.0915649989615013 0.55476545059524 7
10 1.86531632772071 0.328929476163391 1.06299812038848 13
7 2.28279048222781 2.26111300071421 0.20229283055829 9
10 -999 2.73762486815541 -1.36909884644877 12
12 1.10834272289833 2.75462755761524 0.216266798217797 15
9 3.25277088955777 1.49825793785488 -0.81340157926644 12
11 3.46382651836829 1.75576092690791 -0.0167596124904411 14
8 4.5431172024931 2.08735942619708 0.304191514206874 12
9 2.87151211292413 2.29436781878604 2.25109133705384 12
13 1.7017755994893 0.825248012453858 0.0587478843953418 15
10 4.99182424662779 3.50088189050885 -1.62958616294711 12
3 3.35553948715645 2.47399761214479 0.092375654680915 5
8 3.20437671280887 3.40028142774027 0.0988582436123078 9
10 2.34980030174437 3.12307508896383 2.93728359263034 12
8 4.44190628721568 0.189100683860599 -0.478415866961796 11
9 2.2379575919305 0.128924343939441 -1.72694184366871 13
5 3.88830144644602 2.20173780835986 -1.46570761051333 6
7 4.37861848737434 2.50486022086846 0.323091754931484 9
9 3.19355399353881 3.13385548220935 0.688677673799555 10
11 3.17394387466705 2.74031827565788 0.372018593309296 12
3 3.68841956239631 1.71545884012045 -0.591757978009917 6
7 3.35591092201405 1.33016893076212 -0.201122447806849 12
6 2.71795572648805 3.00302578427228 1.39645951284864 6
4 4.52656779926172 0.977791020174292 -1.02646374113281 5
5 2.3173130839827 1.81448943538732 2.85890333581656 5
7 1.92735386369206 1.78206700109479 0.328321005998274 9
10 3.19706453379242 3.58953227905841 0.137175005418069 14
9 2.40824945990916 2.51033640661674 0.592813075515521 15
4 3.09274552099741 0.415757406619877 0.230163134020198 6
5 5.26706574405073 0.694548250609107 -0.742057048394937 6
11 2.95423387927595 0.71749818389396 -1.64999794254879 14
6 4.8102708844375 1.67162144012846 0.307286769064222 9
3 4.40316081586466 0.290080512661075 0.408153817977476 5
10 3.45132285257434 2.00286499138298 0.560328719247281 14
8 3.07400865851918 3.73458329348644 1.30593790427464 11
5 3.81992109267941 3.04506986168184 -2.65147909215277 7
13 2.05898108481219 -0.222616035608269 -1.01061991229932 15
5 1.91270346072731 1.20411992244517 -0.166645045757816 6
8 3.40349364296573 1.25658801221563 -0.553875193062135 12
6 2.10811130151675 3.79792940878327 -0.336880895718888 6
7 2.4432607868286 1.52066774117362 0.0767497298956365 13
8 4.30531512749667 1.2275160905069 0.253066432970746 12
10 1.3682851311483 3.09323793783219 0.849479359157581 14
11 4.08557835935029 2.01413570866236 1.27426281215884 13
12 2.62773875554702 2.6217579106382 0.507403324118267 15
7 3.59258630976043 2.05390087180798 -0.808379028829323 10
6 3.73304057491606 3.01041454730834 -0.151901886348774 9
3 3.58005943985167 2.65422751951856 1.55527768837436 5
6 1.84560947437661 1.95104456576667 0.0430818301828787 12
5 2.8556295337917 2.09996050920033 1.02854931317777 6
7 1.65426175422475 -0.407273219126739 -0.132073485239484 9
6 3.22817316281583 4.27298061180966 -0.369116459165656 7
14 4.2305461486038 2.98907885466471 -0.623713821994569 14
10 5.6336345771162 1.69792488529439 0.0611435188769319 13
11 2.02937597352475 1.57747315027383 0.972104798954811 15
9 3.53674066659158 1.83085274994871 -1.81590681000589 11
11 3.23549356322513 2.56392443785716 0.30514114763588 14
6 3.64348320560002 2.93528912395622 -0.0393822353994188 7
12 1.23104600552507 2.53163840055195 -0.869130455997272 15
5 2.72170491716295 0.819942340120591 -1.83697685951939 6
6 4.31265300306478 1.42189526929732 1.08435973930094 7
3 2.24702394828866 0.630307681005086 0.695644775477774 5
8 1.02243764843436 1.47735783973397 -0.137526980537061 9
5 3.09082891333725 1.0708298007737 0.538222190844997 8
12 2.62669748056436 3.31710234304561 -0.144469916373657 14
12 3.40705292438101 1.83611795355745 -0.928903373719948 15
5 1.59935059630355 2.51887593333231 0.409699804446126 7
8 4.79193944864265 2.47700589519428 -1.58218848836399 11
10 3.09177566408935 1.21432870367583 0.259244088752654 15
5 0.806270864200147 3.1330595652785 -0.176604015794782 5
8 3.33022475597058 2.1820440641149 0.450854432650461 15
4 3.32037038619481 1.95877650131982 1.30829022031533 6
7 3.55011334735425 3.24245359647791 -1.57244700635017 8
11 2.42246530720507 2.1295250116665 -0.696717094706756 15
6 4.3571607830714 3.36452280225853 -0.271556798700465 8
8 3.13520888112287 1.66795284085813 -2.11975395088511 10
5 1.86502335225219 1.81541319077018 -1.52002763472335 8
7 2.55773902470932 2.24125877758919 0.423848221457901 9
9 3.36315813666789 0.0862574853639786 -0.279625112995274 9
14 3.6414144662696 0.723164835812758 0.884518151513989 15
3 3.98286161946356 1.00406473564388 0.731450874993343 5
8 1.80340590420784 1.566257329801 -0.943606953340912 11
8 2.58399539998029 2.70514579444792 0.11841448914776 12
10 1.98870815322052 3.21873968749806 -0.842496848516539 12
5 5.43671132483357 1.9529381492857 -1.42101092576795 7
6 3.69081720239032 1.49104342476415 -0.445244999368001 9
12 3.2812960130807 0.204742537644808 0.886742216107376 12
8 2.90458682501579 0.0309866606075333 -1.0037380816088 11
9 2.97660041993252 0.892895499475217 1.10491899175957 15
6 1.18203217757629 1.8729511420398 -0.262131087519901 10
5 3.03611374677232 1.07055300351752 -0.391616764399664 5
6 2.60285957016427 1.57098289096235 -0.70847277345359 10
13 1.72178111618913 1.25328747392662 1.06223630184971 14
11 3.40929620329538 3.21559488035459 0.603204632199663 13
10 4.71914622342878 2.11872789086757 -1.33442260534309 13
7 3.89008022776196 1.81616043210287 -0.142262137868012 11
9 3.92419381702777 1.75071388556401 -0.630102162347157 11
4 1.56121478405801 2.11158526412829 -0.090548954512327 7
9 4.13541960569355 2.64763972062381 -1.09710620939198 14
10 2.31253786146161 1.15896703011057 -0.0115609511722525 14
11 2.44572162232535 2.27015297101085 -0.599255563087884 12
4 3.4113072763511 2.62061908424481 -0.992611928292229 7
10 3.13883443679016 2.02102915970158 -0.888446870520485 13
6 4.21042250392778 2.41433021246719 -0.298530799061041 7
10 2.77598042206045 0.985958624763357 0.239405039720038 11
4 3.60892857300063 1.13730559454322 0.117317098650947 6
5 3.00331119508037 2.4826148526441 -0.20977175806187 8
11 2.07071228111483 1.9570772484678 0.12406837186094 13
8 3.36270418314287 3.16492732510701 1.08762597070733 10
6 3.5622295287912 2.14092856555338 0.142035344052433 8
6 3.23586504267365 2.16509057430383 1.14848910781855 10
8 3.8343651703791 0.647924941846534 -2.04055502257584 11
6 4.83730517138718 2.48841050842312 -1.87598328076504 7
5 5.0653550390283 2.45248835119571 0.751018293583043 9
4 2.67588177494728 0.213766999307533 -0.321553870338662 5
10 2.8695180386359 1.56028005680297 -1.02622653923854 11
6 2.23852145122553 2.09559334577195 -0.0338839813321394 6
13 2.68381207188137 0.86129894349664 0.280738546549656 14
12 3.30070457797235 3.18335466430599 -0.651154645319928 13
7 2.69627910932484 3.09375699895781 -0.769569482390003 8
10 3.30269319597757 2.24758400218186 0.0353053980545886 12
10 2.52794013852378 2.14581932371647 0.754970978711828 15
7 2.81955128438418 2.31445845770267 1.06149836259966 9
6 3.30389891495421 3.01469222205992 -1.21522457815018 9
3 2.02136105205211 2.08979270475809 0.689017727650085 5
9 3.41205839970895 3.86055975148829 -0.423408151423976 15
5 2.74801178731778 -0.0900823188201394 1.35975277643777 5
12 2.91174314764945 3.31632370177755 -1.28026298151939 15
5 3.93961106852277 1.19181350621565 1.11130372401413 5
6 2.54619892439943 2.76407844178325 -1.00212878105477 7
7 1.91405658444254 0.765306812217886 0.0863016799630733 12
5 3.77970695611339 1.71403776830372 -0.974341211236116 6
12 3.71466917024011 2.40590170357067 0.0540182879836861 13
5 3.61378104640159 2.81742168353303 0.253916868172913 6
5 2.50103545272667 0.668459617699559 0.359818253558098 6
11 4.41632423813481 1.62480774697753 -0.823962466118724 15
10 2.89734882145701 1.50939942212077 -0.794487833363731 13
9 3.36546148460722 2.95531910133564 -1.33775824480358 13
2 3.00128814663907 0.29671610785631 0.841532587778893 5
10 2.95151484252474 1.94020982602054 0.0119362425421783 14
5 4.75537793443867 0.284486013711965 0.901434152830448 5
4 3.61225698527813 2.90483043751435 -0.322751161385424 6
11 3.174861467182 1.76715465899278 0.183382106812655 15
7 2.67525595134694 1.95646258579551 -0.118026576076624 11
10 3.36636044914096 3.08571798079474 -0.873882375999801 11
6 3.07429638766694 1.62660504659301 -0.413892184843326 7
7 2.82246358173798 1.98715480061025 -0.525284590550327 10
10 3.9272627345095 1.71922114574793 -1.45598452232832 13
8 2.48461778876679 1.70470661872552 -0.633518282865653 13
5 2.16683166790852 3.03536748896593 0.952505519269685 8
4 2.78205708605124 1.8288230628813 2.29778370810687 6
5 3.18844659018386 2.3948607359858 0.303617950429741 7
7 1.86130355847719 4.34811674994303 1.48858063112999 9
5 2.85735686746888 1.84840468130383 0.0187887988488045 10
6 3.63167962304011 1.56260328530994 0.776418683887306 8
8 3.32898793670296 2.10739772707785 0.746163575052434 10
10 2.11772021803959 2.32547692665552 0.0269073544543189 14
8 1.87368167300397 0.899438918899176 -1.94671009581328 12
5 2.59651018432163 0.137127367655596 0.930329037054829 5
9 0.682866025071565 3.41151411317834 0.479786440824852 14
5 3.44421213622172 1.67556761236232 1.52807438071845 6
9 1.91579730009627 2.16176824334873 0.718768772719389 15
11 2.98800226734475 2.70688213856272 -0.95276110292157 12
4 1.69885186427885 1.7370227032858 0.390858372143584 6
6 3.46130919213683 1.45790361139987 0.651790390076751 6
9 2.75594143714296 1.89181262984746 0.575285047806378 12
11 3.21097572022768 0.943601088168344 -0.535268847698736 14
9 1.86308750114917 1.12407444607366 -1.16832366560821 11
7 0.497041499152292 3.45417690538221 -0.404131580475468 9
6 3.43154771313807 2.13346803891786 0.280931173610003 8
10 1.92130793926869 0.850692765670469 -0.425398670073382 14
7 5.25360496949603 0.77546683541879 -0.566512307629339 12
8 2.78238527507724 2.31165659282723 0.451135325152069 15
8 2.97429357233756 1.45751322096693 -0.208546130709605 11
10 3.60166576936461 2.04085490619934 0.156334716786379 13
9 2.68667533573773 1.8103498670411 -0.488820959843599 13
9 2.96619753005295 3.50556465519705 -0.538261993835963 14
9 4.04822258537766 4.24648084419848 0.402866941343046 9
4 1.77540143838728 0.795992289410244 -1.33557475520546 6
6 1.35746064482721 3.3272064140514 -0.59521952799877 8
13 2.54325997588917 2.58086343989867 0.477185525314234 14
9 2.22535905743146 2.42396953964821 -1.22623445033503 10
12 1.89737153193056 4.08342660896296 -0.247589109808818 13
6 2.65513045680259 2.70821687396001 0.177178934524387 6
8 4.19440746562351 2.13959218455991 1.03449728300283 10
11 2.5335089493031 -0.484959721481011 0.178097514279584 15
9 4.72513603971102 1.58294562071799 -1.50813846810427 13
9 2.83128025829463 2.14516944449048 -0.00235447833693474 13
12 2.94625006450441 3.72274596324956 0.88182285367985 14
11 2.50480688698849 2.71882747147418 0.0260027615237065 15
7 3.87256278559043 2.16864128703898 1.10396374858492 10
7 3.17881745955801 2.08623881435419 0.0198005176298429 9
5 2.5380286428456 2.4271973124107 -0.297786881168454 6
7 4.51199678574021 -0.0574422333016167 -0.29574612467886 8
9 3.56269269590158 1.80440162365304 0.424855620197256 9
7 2.7378331373972 1.99947521174546 -1.31454922129831 7
6 2.5631626437237 0.937953170115071 0.715720921187501 6
7 1.94530172789177 0.563434717730006 -0.691621990611602 8
6 2.90931486166398 1.11639385608586 1.76900136797721 7
7 2.63127963013343 2.42831044843194 -2.02709469080418 15
6 2.70755339866169 1.82456394315793 1.05392728334454 8
8 2.74831136249605 2.50287334452943 1.08316364644351 9
5 3.13486150630003 3.02113885340878 0.90672924098425 8
11 2.62745838202813 1.73886738644134 -1.86756180617349 15
6 2.85139029512285 0.861883922167208 -0.515739131710542 8
9 4.26578222898502 2.52426641384453 0.470343751090264 14
6 3.3156984050284 0.896262425336761 -0.318108256826436 12
8 2.02166512364518 1.58451368641984 0.877459586683532 8
8 2.61622788314426 0.608531244847253 0.670874303085831 9
8 3.32104568571513 1.81367163771192 -1.24511759119516 11
9 2.76647254737468 1.40218552881158 -1.81097811943637 15
9 2.99164087121693 0.681585280583136 0.297756648545668 13
11 4.40956160199118 2.10302858387203 0.795070539097652 12
10 3.25089639327195 4.22783731195121 -0.0257808480349669 14
6 2.38834870819766 2.33331471405014 -0.504687491312577 9
11 3.28432865177495 0.62189781858752 -2.06168098097825 15
13 3.11082485191175 -0.425169362975535 0.171502439973124 15
4 3.59415781432973 0.979328848152779 -0.460877788173704 5
11 3.98871942920469 0.712311894600542 -0.286130740388223 13
12 3.40693416008673 1.96777478943931 0.0416348873175954 15
9 1.38731769477741 1.45742103656452 0.773176395678422 11
7 4.00864298679813 3.21191108332571 0.0329370843127539 8
11 2.62661604755133 1.5803155438043 0.47147358988194 15
9 3.18456862267707 1.82124912489465 1.34290043338672 13
7 2.53383392188047 3.6984069665158 -2.38935186465585 11
5 1.53487467850005 1.82764340007722 -0.417882679818845 8
9 2.04276859673746 4.32971347753658 0.450549750198944 12
6 2.18337380015924 4.29299854162369 -1.61610471320302 6
6 2.79472288490535 1.46532739116664 0.189949258106359 10
9 2.00868456758261 2.52857319525264 0.0209991061348543 12
7 2.3025834413719 2.24954949907708 -1.61459151718924 8
9 5.28354260887642 2.5404924796819 -1.08648789775258 12
4 2.39846771933409 1.02609213758852 -1.96840592907098 5
9 2.11057844627336 0.75577154844428 0.731704884324452 11
3 2.5374245624432 1.78820475228057 -0.176183789872114 5
6 2.15238883109215 3.0253490410222 -0.49430122854074 6
10 2.60554119279508 0.347359000041111 -0.597340653153927 13
11 1.6266002665962 2.37344046654996 -0.863550312083124 15
6 2.12878431835134 1.60398818637476 0.346631076066377 9
4 1.15425548869597 2.06895503010378 -0.0418939966472186 5
5 1.764763519802 1.98383719212389 -0.339032947657749 6
5 2.83536865141414 1.92003033471039 -0.331812656721503 6
6 3.37471126528394 3.37247281801334 -0.175685967194801 7
8 3.29253530664082 2.61961423743349 -1.43428742508011 9
9 3.87791814347607 1.86489331825128 1.22614825665178 11
7 3.03031712793107 1.99795064227382 -0.122555611346047 7
4 4.01099537783086 0.47988480363892 -0.175721226989471 7
6 3.09412447537711 1.45584883361153 -1.05546204043961 7
10 3.22734718454733 2.04707111713482 1.74020612433281 13
8 3.91430762850066 0.778124468315168 -0.733514715570444 11
7 1.82206114008936 1.17234131138769 -0.450562226872697 10
10 4.88235613602467 2.1357416100111 0.0837495193167677 15
6 1.4040494733498 1.87924421460725 -0.173768855166426 9
10 3.97642559869995 1.58580960600401 -0.410152996528505 14
8 2.51945832316072 1.95458518097507 -0.312532853420454 11
10 3.98257298390753 2.08738662202113 1.01201145748121 12
6 3.4356101449525 2.5225103347638 -1.72556399922379 7
4 2.81940427142329 1.70177424517211 2.57310314169122 5
3 2.097987116525 1.56400591356575 -1.10449391278312 5
5 3.60766536718157 2.62281379226797 1.7659362408811 6
5 3.2593852171104 3.09620452488733 0.675481347829005 7
12 2.15848723193638 2.96918746483898 -0.0286519657730864 15
5 1.7570289869739 1.83892145468265 -0.933502938972613 8
6 2.49394824836275 2.7762220219967 2.42423258630417 7
3 2.92923928941457 2.23719955576812 1.48035714948383 5
7 2.56606042129948 1.95919788813027 -1.26502684077144 14
9 1.92175633162926 2.38420805211669 0.915895997078429 14
4 4.9724690929509 2.25983392250347 -0.148526093370954 5
9 1.90766700083684 2.15757093089264 0.82466300209732 15
10 2.6900334713987 2.06783483643919 -0.644501289127524 15
8 2.01290328685417 2.21625395424585 0.0249862709321523 11
9 3.81383768921365 1.49691395230772 0.818942191707924 10
4 3.53738392869207 1.08652531730018 0.781266877216172 5
6 3.99357505843582 1.38264287888847 -0.180539591242724 12
9 4.9255345018621 1.85757106542707 -1.34934365371868 14
5 2.91160486072391 1.18773623804576 -0.298517964808931 5
10 2.13309810136001 1.35964108587126 2.27054478895605 11
6 1.11221354285335 2.24437762354651 0.520209268537468 8
3 1.96262294275995 2.76744783780024 0.576891913115918 5
5 2.88408065036205 0.613703660343204 0.505798440257432 8
5 3.8376345664353 2.26527050658328 0.423235890299661 10
7 2.60988183056266 2.94169433714966 1.98483873826864 9
2 2.13257909508007 2.08060681024326 0.434814818925597 6
4 2.63446113811132 3.66326872703306 1.99519490471571 5
10 5.10694782726735 1.1612247804391 -0.477099713556285 13
11 2.39326647676416 3.52440440530329 -0.162099273193667 14
9 4.5715578173336 2.01576114743697 1.44251669212612 12
5 2.56278886634152 3.61351835512356 -0.0104234247150074 6
8 2.62669086523309 2.7634117688265 1.97686803117688 9
5 3.00104080473461 3.10582083682506 -0.441177183083654 5
5 4.29842613860363 3.45163957766134 1.09820370815135 7
11 3.61326150923728 2.27372234523314 -0.738335228396222 12
6 1.69272981957747 3.17607527385468 1.25761366885969 8
11 1.34558124669716 1.58154785025176 -0.192348710300763 13
8 3.62984399233605 2.44121189890664 1.11147081655377 11
5 2.94099192158189 3.90831916461767 -0.0173327620494252 6
10 3.79527906675594 2.36911277889072 -1.63650438521795 13
4 2.90791774270482 3.34647770993458 0.0532404905442071 8
9 2.5858387583519 3.52065758296357 -0.814172748642408 10
7 4.04701471045005 1.91206796909931 -0.873217427272329 7
12 3.07696772238909 0.812157848770304 0.928024516421312 15
10 3.03146438897571 2.80452860821965 0.940494217358446 13
9 4.42425558333972 4.64953034661934 -0.985239632643922 13
8 2.67622329759917 1.72027135340555 -1.72199481332438 10
8 2.53604379720944 2.35698265973958 -0.805340175229522 8
8 0.925354426980615 2.1356918110908 0.731729768580707 13
6 1.11264022595957 0.295292365215634 -1.6847085429407 7
14 2.12145739638144 1.90326869090339 -0.579377832607488 15
9 3.2282898334391 2.39317721539137 2.67429893742906 13
3 4.14096898905639 0.996477219257714 0.582296115583847 5
5 5.42813976548134 1.99325034825588 -0.779307297672108 8
7 1.94726232039368 2.54325116521265 -0.748349732856584 10
4 3.60899739740665 -0.0906977228703152 -0.123777023540391 5
6 2.71303792932707 1.80848954537733 0.938211799646988 11
5 2.50985265192057 3.4199724957664 0.514624899883693 8
5 2.97578967935381 0.439206395412586 -0.125081664301848 5
5 2.27920444574996 0.994581814244273 -0.343846322203699 12
3 1.8859261100781 0.789551945712619 -0.862619212234987 8
5 3.01072321994913 1.24436960615077 1.07339112838777 6
13 3.2891164401201 1.16201103283763 0.281679944019592 13
6 2.40064095916606 2.74029300323101 0.730985575080503 9
8 2.07886419091715 2.32100493016612 -0.904087634781407 8
8 4.27543499785804 2.92730741727821 -0.811469011237568 11
5 3.20803791624263 3.58565061378034 0.537892479721274 9
11 3.24699695860074 1.30508777534835 0.0797322725499412 12
4 2.86390065858037 2.62288608900977 -1.06420617294405 5
12 3.1200280850321 1.10152133065117 -0.89229364065146 15
6 1.51732689369642 0.874966512309874 -0.278234867906954 8
9 2.4058437235145 0.277990448840603 -0.121705132900595 9
8 2.8777313228917 2.74083185478509 -0.0860596489046316 11
5 2.86284375316179 1.52135300266768 -0.119743417231516 6
7 4.74215075145643 3.6254563380676 -0.124237146277697 10
4 4.92563630264134 2.87183921590776 -1.75153756384724 6
1 7.44598618022387 -7.12624667327567 0.512366863164511 13
1 11.5786889451188 -4.95620088631379 1.51829563779682 14
2 12.244707985585 -3.62941272245478 0.14077897618154 8
1 8.6243613797744 -4.6751245615839 -1.0352690749045 8
1 8.62269009994617 -5.66657228751238 -0.840208553437356 8
3 11.9312692006429 -3.12559978888177 -1.03972062777705 14
0 12.833594647866 -3.49074600340778 -1.92792530941369 12
2 8.85269755677103 -5.58793659519376 0.8177812215345 15
2 11.6925228954723 -3.31741621687465 0.0194121611434321 13
2 11.6089915728417 -4.33887534415314 -0.217468201464559 7
0 10.1281844548149 -5.46362745210443 0.15027137317041 5
1 8.74499806371999 -5.72087894124818 -1.52776253859023 14
0 9.11292219243164 -4.76555464172352 0.444306349513576 5
2 10.9343022036446 -4.53658685364448 1.07471966649278 14
0 10.5570651852069 -5.05137937821549 -1.54563277215809 7
1 11.6796929878959 -3.51507889968215 -2.39861774138745 9
1 11.0372019758706 -4.6511786521519 2.11104242980925 12
0 9.72549694685848 -5.25022537664999 0.786331232072751 11
0 7.61254110710117 -6.72727476214426 2.35846693121311 5
1 11.7005607702617 -4.50557307305461 0.338291188123727 11
3 9.73665570002849 -5.26620367834098 -1.78745605336875 15
2 8.64647364105284 -5.41360886548652 -0.495806661756986 14
1 12.7619718077827 -5.08752226786801 -0.79565069364271 8
1 8.38421355858885 -4.6227625482415 0.275807872308086 13
2 11.1070118029471 -3.74675544118123 -1.1674193068426 13
1 11.3247404319957 -3.66038022586561 -0.893977364033392 11
1 8.36086178602791 -6.30924858691168 0.304538006508286 8
0 9.67898460819474 -5.15996755248564 -1.026708325118 15
4 10.2924266737121 -4.55560054451973 0.699233826267046 13
2 9.68454445101257 -5.3515084132093 0.828084631978874 7
2 10.5200958108502 -5.6862499919235 -0.496443302915399 5
1 12.0645678531704 -3.28365340204576 -0.864395549896005 6
2 7.35555988952638 -5.4581593299972 -2.28853609887 15
0 9.27706523754449 -6.25737676475805 -1.53435386541972 11
1 10.6797195213442 -3.55157125549551 0.537726239724326 12
0 10.3395242217677 -5.41712564781224 1.68679505036718 5
0 10.8565448558879 -4.743655576855 0.551663624601591 9
2 14.0921222259642 -3.70023906439863 -0.472423762922919 15
0 10.8331242622406 -4.49155390316869 2.03581990086901 9
0 10.5531140338492 -3.89528925751661 -0.228474954698706 7
1 10.1065683330741 -3.56546004880366 -0.0273482584261145 14
3 9.35237373707593 -4.91084664298814 -1.68269334483319 9
1 7.2340302002407 -5.01845330922822 -0.0637365409606261 7
0 8.62945479090985 -5.41030214669443 2.61328727105568 6
1 10.4499350354023 -5.70254988695074 -0.770524654837843 13
0 9.44084087300515 -4.42934074977231 0.817470484528172 8
3 9.01461906195155 -4.81645152570305 0.248755290183349 13
0 9.78606641502938 -5.9814536288224 0.512559074977778 9
1 10.3795995932399 -4.86688152814402 -2.13678525221924 7
1 11.9106205464899 -4.09387296736272 0.119431553213728 10
0 11.7799582185383 -4.39913656315092 0.416572437388791 8
1 11.8861868262293 -6.05879322707625 0.2816515993401 15
1 8.65801754471955 -6.01803190924746 -0.646112744005636 7
0 7.8947119264904 -4.24188522363299 -1.79562041944361 14
1 8.33894905481472 -5.78426921693953 -0.0790450561024021 7
0 9.6735158990299 -3.89320094313292 -1.92789130785174 10
1 9.04367427842031 -6.44270094610841 1.72393126207667 6
0 10.6566180064851 -5.09481333868889 0.379103592294864 10
1 9.16607496429234 -5.45058187004278 0.461317811916201 10
2 8.88006068621427 -4.19329914055051 -0.281271351585541 9
1 8.47724004897827 -5.82068063538341 -0.564631091081109 6
1 10.8408260431372 -4.78092009398781 -0.62970771400039 13
0 9.73937700237496 -6.07555543085759 -0.404698541559402 8
1 10.3704712118303 -4.33084448146453 -0.880749113503061 8
1 8.97567651996796 -4.44162153424052 -0.120515597574162 9
0 8.90086886254709 -4.71639954781294 0.362940593705579 11
2 9.10079805724327 -4.81510221137515 0.41229016601502 15
0 9.57078935212977 -4.06688774061324 -0.316013668469956 6
1 12.1039050086146 -4.45510698511279 -0.322151474483271 13
1 10.32758142494 -4.69163819005344 -1.11577030403795 10
1 8.24102519406441 -5.37171730779735 0.683835025831603 5
1 10.3110613666771 -4.63404201263823 -1.65344893591871 7
3 11.5355478599941 -4.58370219003806 -0.0955424163632254 11
1 11.0764026759799 -3.87631980259013 1.56126330718657 13
0 8.93216516700673 -5.80954006025943 -0.789493935908815 5
0 10.2658501640898 -4.78841256913459 1.39946974981261 14
1 12.1692382615946 -3.80502337817827 1.30100747885922 15
0 9.3413668853357 -4.69170147248369 0.689334408272766 14
0 10.2006534856706 -6.09073658852748 -0.50836609078302 5
0 9.47603899838723 -4.71220906181354 0.722599957331688 5
3 11.7600234579647 -3.5169354349773 1.03774282872481 12
2 10.6715729152062 -5.13604575862165 -0.376863404277645 9
1 8.19765773538253 -6.65651834073867 -2.22042561718984 5
0 9.09882538225164 -5.23372800616569 0.632932297797198 10
1 11.518194103716 -3.13771753140121 0.723634735801343 9
2 11.235912951812 -4.32881123146041 -0.522540537397792 12
1 9.2383592666671 -6.47428062426289 1.00881326027436 14
1 8.92937309635703 -4.00407099984371 -1.70931433777702 14
2 11.8590254913889 -4.05877951380669 -0.693356815863251 11
0 8.80078190505358 -6.53528295542578 0.466014260440897 13
0 6.51628008633525 -6.04942745994464 1.31375044753813 5
0 10.4052705147894 -4.87941726650607 -0.316200879479283 9
2 9.53127522462682 -4.07876795695973 -0.629330628340169 7
3 10.9568496447354 -3.9922856007076 -1.17262317420121 9
1 11.0354113746002 -4.41033362641944 0.781317718387191 6
0 9.6344569524648 -4.31240631099172 -0.925125248798488 9
0 9.58631259265518 -2.77174913223415 -1.2731257734636 15
2 13.1526309189704 -3.73342594173815 0.325655711176184 9
0 12.3512846306068 -4.79423634143773 2.19031784030269 9
0 10.1057102130628 -5.54778013578745 -1.14535121089383 7
