500
5
Variable1
Variable2
Variable3
Variable4
Variable5
1
FixedEffect1
2 2 3 3 4
9 1 1 0 1 2 1.09595491247257 1.01691239955835
10 0 1 0 2 1 -0.714636929752174 1.08847605367191
5 0 1 0 1 1 -0.363158139063192 1.06622965987772
13 0 1 0 2 3 -0.159942707634525 1.09830118184909
9 1 1 2 1 3 1.42519026285407 1.03787969504483
9 1 1 2 1 0 1.10362203430078 0.944405565178022
12 0 0 0 1 0 0.218077184456878 1.03971320814453
15 1 1 0 1 3 0.920765141343037 1.05363079505041
3 0 1 2 1 2 0.415787475436071 1.00996315558441
10 0 1 2 1 2 -0.00259624616644112 0.98904540897347
10 0 1 0 2 1 0.21316748222085 1.01930531715043
6 0 1 1 2 1 -0.0982935813826845 1.01698497948237
14 0 1 1 1 3 -0.218555174264587 1.05912619219162
13 0 0 2 1 2 0.0292625335405362 0.995301206456497
8 0 1 0 1 0 0.406641380651342 0.955828152643517
10 0 1 0 2 3 -0.201765120529572 1.01432208525948
11 0 1 0 1 1 -0.187475535517512 1.0451553335879
10 0 1 0 1 3 -0.2372410150406 0.978754707006738
9 0 1 0 1 1 0.0823295765751406 0.93965316368267
10 0 1 0 0 3 0.289205497869675 0.969022311875597
8 0 1 2 2 1 -0.0487328414298912 1.02073520789854
4 0 1 2 2 3 -0.190976535517658 0.971248361794278
10 1 1 0 1 0 0.756126758161368 0.974023437546566
6 1 1 2 1 0 0.805325868459316 1.02889332426712
10 1 1 0 0 1 0.913983418913333 1.04159090388566
4 0 1 0 1 1 -0.0465124662537944 0.974038033746183
10 1 1 2 1 3 1.08079988153635 0.943833600450307
6 1 1 1 2 2 0.409335462896544 0.968824085080996
14 0 1 0 1 0 -0.217066726276796 1.06230722693726
12 0 0 0 1 0 0.105886722582197 1.01043489607982
12 1 1 0 0 2 1.01146701041473 0.98775567645207
11 0 1 0 1 0 0.165859329215809 1.03119757962413
11 1 1 0 0 2 1.24502150466614 1.06846714434214
9 0 1 2 1 2 -0.30653810058309 0.982559477444738
11 0 1 0 0 3 -0.0370092938830775 0.949409730220214
7 0 0 0 1 3 0.20583575772791 0.919313535373658
9 0 1 1 0 0 -0.318430280201921 1.05016515599564
8 0 0 0 0 3 0.0172138303737193 1.04011369328946
10 0 1 1 1 0 0.202791828756119 0.948627909692004
15 0 0 -999 1 3 0.0199926384220515 1.02850878555328
7 0 1 2 0 0 -0.192209926199165 1.07535770107061
12 1 1 1 0 0 0.571098549117997 0.921191960806027
10 0 0 0 1 0 0.373870001163744 1.09610648634844
12 0 0 0 1 3 0.281440107638202 0.901323362020776
15 0 1 0 1 0 0.217113573244674 1.07113966527395
7 0 1 2 1 0 -0.210766785587823 1.05241278810427
8 0 1 0 0 1 -0.343046540409764 0.97263688184321
16 0 0 2 1 2 -0.640666546072652 0.922938542161137
7 0 1 2 2 3 0.194636048478173 0.949915802897885
6 0 1 0 2 0 0.0858784060097522 0.95719893630594
11 1 1 0 1 2 1.12532272211353 0.989402162237093
6 0 0 0 1 2 -0.258843595395701 0.913423219975084
14 0 1 0 1 2 -0.2791255640011 1.09757543909363
19 0 1 0 0 3 0.00640572367609208 0.94002623828128
13 0 1 0 1 0 0.181268028147545 1.0125932816416
14 0 1 0 2 2 0.536652711662895 0.933574188314378
7 0 1 0 1 0 -0.08829941722176 1.01912637772039
10 0 0 0 1 1 -0.437808945027292 0.972185135772452
7 0 1 0 0 2 -0.22299049098679 0.937951155658811
1 1 0 1 1 1 1.27352179684381 1.05759159410372
9 0 0 1 2 2 -0.0698118723596601 0.998540491145104
10 0 1 0 0 2 0.143655452449697 0.99108633263968
5 0 0 0 1 2 0.104173452352921 0.912102767080069
9 1 0 0 1 2 1.16978395811139 1.00023285541683
12 1 1 1 1 2 0.876719120931651 1.03237035330385
7 0 1 0 0 3 0.307785986723915 1.09027929063886
16 0 1 0 2 3 0.292014217962815 1.07963029965758
9 1 1 0 1 2 0.937415312921127 1.06771465162747
9 0 0 0 1 1 -0.268604678585008 0.996822628797963
7 0 1 0 0 1 -0.0391261547965475 0.901703838910908
18 0 1 2 0 2 -0.242566030828024 1.057275108248
7 0 1 0 0 2 -0.432698615731957 1.02937471210025
14 1 0 1 0 1 0.860527235131752 1.05943618579768
11 0 0 0 1 0 -0.0348744842451883 1.02946048718877
6 1 1 1 1 2 0.940698377494707 0.936879624286667
15 0 0 0 0 3 0.192986481191778 1.06781649943441
13 0 1 0 2 1 -0.28202638810063 1.00349464323372
11 0 1 0 1 1 0.0494171349428792 0.934791786083952
8 0 1 0 0 2 0.252252982485783 0.995378204528242
9 0 1 0 2 1 -0.554366390349036 0.905782681657001
11 0 1 0 1 0 0.127403515372629 0.981631219573319
16 1 1 2 0 3 1.13774756432482 1.0595414285548
10 0 1 0 1 1 0.0747186967749274 0.936755918618292
13 0 0 0 1 1 -0.325031957331679 1.07994032483548
18 0 1 0 1 0 -0.111389488842939 1.06168091646396
9 1 1 0 2 2 1.03509002330338 0.978718767501414
9 1 1 0 1 2 0.818216109636374 0.911037606559694
9 0 1 0 1 2 -0.217309449521072 0.960319290496409
8 0 1 0 1 3 -0.0738226365423834 0.992956489650533
7 0 1 0 1 2 0.206677783879432 0.90761173311621
9 0 1 2 0 2 -0.102785496121337 0.94367215684615
10 0 1 0 2 1 -0.0456226891858488 1.03321791528724
15 1 1 2 1 0 0.406436151404549 1.01378776594065
12 0 0 0 1 2 0.019264408664173 0.917549160216004
11 0 1 1 2 1 0.414549921446836 1.01616196287796
16 0 0 0 1 3 0.0164769916626594 0.913462845608592
8 1 1 0 0 1 1.12692842006199 1.09772152500227
8 1 1 1 1 1 0.706604815858508 0.90039676623419
11 0 1 2 1 3 -0.0295915881157538 1.09267637855373
15 1 1 2 1 1 1.55426984403693 1.086785361683
9 0 1 0 1 0 -0.0107552736326619 1.0884574979078
11 0 1 0 2 2 -0.394035633231644 1.09327512839809
8 0 1 1 1 2 0.0134793612270221 1.01110731121153
6 0 0 0 0 0 0.242173518305107 0.912674877699465
10 1 1 0 1 2 0.87848140171602 0.987805777601898
9 -999 1 0 1 3 -0.416531783920623 0.94222481586039
9 0 1 2 1 2 0.0367222230913289 1.06443784302101
14 0 1 2 1 2 -0.119189407572022 1.08676998587325
9 1 1 0 1 0 1.22917178492622 1.06221467442811
18 0 0 1 2 0 0.235879329044203 0.977980108279735
11 0 1 0 2 1 -0.0675036863546855 0.972842603595927
3 0 1 1 0 1 0.298932470824601 0.935566502436996
8 0 1 0 1 3 -0.183263934791765 0.936956172576174
10 0 1 0 1 2 -0.292736095269966 1.05498850876465
13 0 1 0 2 0 0.371637863211342 1.08860812196508
8 0 1 2 1 1 -0.15925954754094 1.00375478216447
9 0 1 0 1 1 -0.0407162021259735 1.08569482881576
11 0 0 0 1 1 -0.000785167918393982 1.08173199067824
8 0 1 0 2 3 -0.142387522618114 0.914983229665086
6 0 1 0 1 1 -0.0292786701230854 0.933381198486313
13 0 1 0 0 3 0.0121230547456258 0.980316178314388
12 0 0 0 1 3 -0.0756083327909234 0.963548868335784
12 0 1 0 1 2 0.00341395227983598 0.990669183665887
13 1 0 0 2 2 1.12378158290889 1.03415224174969
16 0 0 0 1 3 0.134299415550241 0.9015670302324
6 1 1 0 1 2 0.920911399372017 1.01960491086356
6 0 1 0 1 2 0.0971762663443346 1.05819496959448
8 1 0 0 1 1 0.834220344738728 1.04395816735923
15 1 1 0 1 3 0.852045753464826 0.979610198829323
11 0 1 2 0 1 0.117856633934364 0.980370993958786
7 0 1 0 0 0 -0.282251708617588 1.00592158329673
8 0 1 0 1 2 0.139985235749238 0.982067779591307
6 1 1 0 1 1 1.14791737902761 0.989535289956257
14 0 1 2 0 0 0.478217331295557 1.09852014100179
6 0 1 0 1 2 0.268357772484618 1.02125642159954
13 1 0 1 1 2 1.03942837050072 0.9939007491339
6 0 0 0 1 2 -0.106354437313843 1.08659542314708
6 1 1 2 1 3 1.0176631214344 0.99323740825057
13 0 1 0 1 2 0.0522401134052235 0.98330795019865
9 0 1 0 0 2 -0.0643010416185431 0.987387099675834
15 0 1 0 0 3 -0.310644194231329 1.08674880983308
9 0 0 2 1 2 -0.334004321397052 1.04483233494684
9 0 1 2 2 3 -0.279507132948859 0.922743098810315
13 0 1 2 0 1 0.433899916839603 0.989305140357465
13 0 1 1 2 2 -0.0942736911995492 0.951476549683139
15 0 0 1 2 0 0.395619090116252 0.910987160773948
12 1 1 0 0 2 1.2123397790843 0.985974397789687
12 0 1 2 1 2 0.316195601623008 0.953177190106362
13 0 1 1 1 0 0.384877733532433 1.09037243821658
9 0 1 0 1 0 -0.36081974450841 0.900368067622185
8 1 0 0 0 3 1.31221984286868 0.912621004227549
7 0 1 1 0 2 0.325763938177403 0.978330105450004
6 0 0 0 1 1 0.122437096958057 0.909248896036297
6 1 0 1 0 3 0.576539781576326 0.956117892218754
3 0 0 0 0 3 0.109086061958079 1.02119945948944
4 0 0 0 2 1 0.239021446991483 0.90907041374594
8 0 0 0 0 0 -0.186645572563296 0.941445875214413
5 0 1 0 1 1 0.0766693690343502 1.08854438969865
4 0 0 2 2 3 -0.267862623121709 0.917175507452339
4 1 0 1 2 3 1.01367462099966 0.974967030156404
8 0 0 1 0 3 0.136665432757735 0.984825060190633
6 0 0 0 0 2 -0.336025375560797 1.03038096604869
4 0 0 0 0 0 0.00889260725212263 0.98089556377381
4 0 0 0 0 0 0.192617513061445 0.997922516334802
2 0 1 0 2 1 0.0625960669654086 1.01674242350273
4 0 0 0 0 1 -0.327599613999615 1.04743431587704
4 0 0 0 1 1 0.276823667007881 0.904062395915389
3 0 0 0 0 1 -0.131772506832773 0.909564202092588
8 0 0 0 2 0 0.0598406095746641 1.07133511621505
10 0 1 1 0 3 0.377158410050303 1.04840853572823
7 0 0 0 0 1 0.283515139861717 1.00625455989502
12 1 0 0 2 3 0.990835021297138 1.04031374468468
6 1 0 0 1 1 1.26453584617537 0.931833458971232
11 0 0 2 0 0 0.00712773338726508 1.0202167540323
5 0 0 1 0 0 -0.0269086997570815 0.94829562511295
9 0 0 1 0 1 -0.0686855009664703 0.954627389321104
3 0 1 1 0 2 0.137714843494875 0.91456822482869
6 1 0 0 1 2 1.13820833176712 1.00875903391279
6 1 0 0 0 1 0.71556847192935 1.08586052753963
5 0 0 0 2 3 -0.104423218917349 0.999526865268126
6 1 0 0 0 0 1.02837006492605 0.955891989730299
7 0 0 0 0 3 -0.32619571705493 0.943549247365445
11 1 0 0 2 0 1.12129708397448 0.932456042338163
6 0 0 0 0 3 -0.0666657607218141 0.934907336719334
1 0 0 0 0 2 0.311627984747848 0.943025625357404
3 0 0 0 2 0 0.496749710196907 1.03461663583294
5 0 0 0 0 1 0.19958901148801 0.945950109697878
2 1 0 0 0 3 1.14116361172586 0.91259576510638
12 0 0 0 1 2 0.0136188187947366 1.08364811409265
3 0 0 0 0 0 0.166634245639479 0.905616844352335
2 0 0 0 0 0 0.16702356179934 0.905138985160738
5 0 0 1 2 0 0.0986753426578254 1.02467247252353
7 0 0 2 0 1 -0.377015413742774 1.00599686140195
8 0 1 0 0 2 -0.083512841598963 0.954381719511002
3 0 1 0 0 3 -0.163947101975525 0.909501212649047
4 1 0 0 0 3 0.655124758991068 1.01797599666752
3 0 0 0 0 0 0.0775523278572654 0.953378366772085
8 0 0 0 0 0 0.329024362504448 1.09701179112308
7 0 0 2 2 1 -0.0693980879260111 0.933417794900015
6 0 0 0 0 3 -0.056415114935133 0.926683313213289
0 1 0 1 0 3 0.749555975866766 0.978952256217599
3 1 0 0 1 0 0.94096439733821 1.02858772496693
1 1 0 0 2 2 0.995312301566835 1.08296478292905
4 1 0 0 1 2 0.586764347331714 0.9561903397087
3 0 0 0 0 3 -0.274766987190098 0.97098113312386
4 1 0 2 0 2 0.863973900249055 0.901102193910629
2 1 0 0 0 3 1.07382143189573 1.07510523418896
4 1 0 0 0 0 1.05848688310721 0.976811872981489
1 1 0 1 0 2 1.13337598870237 0.92357184458524
0 0 0 0 1 0 -0.0363495386921509 1.08420542860404
2 0 0 0 0 3 0.532503945364302 1.05569915138185
0 0 0 2 0 3 -0.439681290553566 0.982174843829125
2 1 0 0 1 3 0.956220679211752 1.06758723091334
2 1 0 0 1 0 1.20577993728635 1.03677632785402
2 1 0 2 0 1 1.06487610114652 1.03859876985662
2 0 0 0 0 3 0.446061600154246 0.92124035465531
3 1 0 1 0 0 0.907126642763841 0.97182015152648
2 1 0 0 0 3 1.13906699266025 0.99758987040259
2 1 0 0 0 2 1.05221221679737 1.09398366431706
1 1 0 0 0 0 1.02964766183835 1.00714066121727
1 1 0 2 0 1 0.862370054155014 0.976897065714002
1 1 0 0 0 1 1.08944068834842 0.91189203215763
2 1 1 0 0 3 0.898261290864426 0.975310455821455
3 0 0 2 0 0 0.321592504920733 1.00737225254998
7 1 0 0 0 2 1.02547963014717 1.03828288544901
1 1 1 0 0 3 1.25602164294212 0.906856792420149
2 1 0 0 2 3 1.05113640237277 0.90255024805665
0 1 0 0 0 2 0.8445412072452 0.951173213589937
2 1 0 2 0 1 0.700139511884413 0.957588364416733
3 0 1 0 1 0 -0.198889368545587 1.0716801263392
3 1 0 0 0 0 1.45078906583135 0.990381684713066
5 1 0 0 2 0 0.737679253792567 0.988564820913598
4 1 0 2 0 3 1.01497947279687 1.00550944181159
4 1 0 0 0 3 1.0946505281655 0.937592546688393
1 1 0 0 0 1 1.12197120436199 1.02322044298053
2 1 0 0 0 2 0.939672135433674 0.999726610211656
2 1 0 0 0 2 1.32112884125783 0.996048908913508
2 1 0 1 0 0 0.788569477587508 1.0220272814855
1 1 0 0 0 3 0.893267141513585 0.997301133163273
4 1 1 1 1 0 0.844251577423312 0.904909114353359
0 1 0 2 0 0 0.718638094146972 1.0653022274375
3 1 0 0 0 3 0.755628140396935 0.97880667122081
1 1 0 0 0 2 1.04449151093487 0.976296954322606
0 1 0 0 0 2 1.04076027130338 1.09146150331944
2 1 0 0 0 1 1.32291098499725 1.05173354437575
2 1 0 0 0 0 0.997100369854058 0.925193546852097
1 0 1 0 1 2 0.309544221252346 1.03878805269487
1 1 0 0 0 2 1.03224031208105 0.908108073566109
3 1 0 0 0 3 1.058537323056 0.948058243468404
5 0 0 0 0 3 0.207713268827928 1.04225606927648
1 0 0 0 0 0 0.0816303487905464 1.09055576454848
3 1 0 -999 0 0 0.755313464304182 1.0654036777094
3 1 0 0 0 2 0.909272083170475 0.906269213277847
1 1 0 0 0 1 0.738927660874044 0.935856762342155
1 1 0 2 0 0 1.13732355971271 0.912307189684361
5 0 0 0 0 0 -0.61432554614904 1.04532057787292
1 1 0 0 0 2 1.05920535689715 1.02312890165485
1 1 0 0 2 1 0.990157158590071 1.09801356894895
2 1 0 0 0 3 1.72006209495577 1.0601470313035
5 0 0 0 1 2 -0.430768585613178 0.926757517224178
0 1 0 0 0 3 0.97503611504148 0.921053822292015
0 1 1 0 2 3 0.79763383189857 0.933565452322364
6 1 1 1 0 0 1.51238485197887 1.04263897994533
3 1 0 0 2 1 0.74891896877468 1.02559482161887
2 0 0 0 0 2 0.0644579382708867 1.07714239698835
4 1 0 0 0 0 0.90322893098 0.968368089944124
1 1 1 1 1 3 0.863971025200616 1.00672492221929
1 1 0 1 0 2 1.28505294066031 0.99294698140584
9 1 0 0 0 3 0.79674071512085 1.09407493136823
2 1 0 0 0 1 0.832868083911613 0.969487724546343
5 0 0 2 0 0 -0.0134184037780278 1.04047670885921
1 1 0 2 0 2 1.04193617626348 1.06699126628228
7 0 0 2 0 2 0.177893548052415 1.09536349000409
4 1 0 0 1 3 0.920184133199028 0.956833635177463
2 1 0 0 0 2 1.32936407719388 0.970601981924847
0 1 0 0 0 3 0.924906165791099 1.03381902715191
6 0 0 0 0 2 -0.1955136360088 1.08954291199334
1 1 0 2 0 3 0.820624735884597 0.948183881631121
3 1 0 0 0 2 0.945345542886235 0.980534302350134
2 1 0 0 0 3 1.16452123723378 0.932434358028695
4 1 0 0 0 3 0.975997141687486 1.09255905267783
1 1 0 0 0 1 1.03873605455376 1.01690548793413
2 0 0 2 0 2 -0.117464002641174 1.03044679425657
3 1 0 0 0 3 1.25212991254167 0.919940369110554
6 1 0 0 0 0 0.816573114254122 0.989407559065148
4 0 1 1 1 1 0.049764294525221 0.999602168891579
1 1 0 0 0 3 0.66920433872255 0.940186711400747
3 1 0 1 0 1 0.770339894935276 0.91630648788996
4 1 1 1 0 2 0.53086644161814 1.03230984709226
1 1 0 0 0 3 0.876374220167982 1.02850493555889
3 1 0 0 1 1 1.10681477241149 0.939418730093166
3 1 0 0 0 1 0.95698155914988 1.08673431267962
1 1 0 0 0 0 0.868780019114489 0.995403361320496
6 1 0 0 0 1 0.59348165399956 1.0579626893159
1 1 0 0 0 1 1.12815811459246 1.09990684730001
3 1 1 1 0 1 0.958676854229565 0.91308296364732
3 0 0 0 0 0 -0.0824893520315168 1.05324038024992
1 1 0 0 0 2 0.637652353290773 0.98496537595056
3 1 0 0 0 3 1.41603471329278 0.9569025431294
7 1 0 0 0 3 1.60818427693977 1.09547973661684
2 1 1 0 2 3 1.48407953388596 0.900149172823876
0 0 1 1 0 1 0.282771144917597 1.01278776144609
0 1 1 2 2 1 0.959464189000567 1.0674801052548
1 1 1 0 0 0 0.90818969650095 0.939677671389654
1 1 0 1 0 2 0.880837020975 1.09171020067297
0 1 1 0 0 0 0.982317194351842 0.902695048693568
1 1 0 0 0 2 0.767359086775911 0.915578290866688
0 1 0 0 0 2 0.819459610467405 1.0539290771354
1 1 0 1 0 0 1.19147768722244 1.0175646759104
0 1 0 1 2 0 0.801299517630405 0.917426551831886
1 1 1 1 0 2 1.23537490223527 0.922770895110443
2 1 0 1 0 2 0.796571091096083 1.02348851086572
0 0 1 0 0 2 -0.00601281506038499 0.97444948325865
2 1 1 1 0 0 0.995220531254926 1.05871540750377
0 1 1 1 0 2 1.06678147692929 0.907648737635463
1 1 1 1 2 1 0.978011772150333 1.0749664908275
3 1 0 0 0 3 0.631535489527296 1.02445449149236
1 1 0 1 0 1 0.72523750473335 1.02126385397278
1 1 1 1 0 2 0.951440992189651 1.07936908942647
1 1 1 1 0 2 0.848970030171138 1.02842591581866
0 1 1 1 0 2 1.13874788212671 1.05809914525598
1 1 1 1 0 0 0.691706399969017 0.973277326719835
2 1 1 2 2 2 0.710032437569455 0.907589087961242
0 1 1 1 0 3 0.996595038610605 0.947447315324098
1 1 1 0 1 3 1.24467665023584 0.915669090952724
0 0 1 1 1 1 -0.177690018796009 0.951143123954535
0 1 1 0 0 3 0.946763248171012 0.904387536738068
1 1 0 1 0 2 1.00838366979283 0.917858353350312
0 0 0 1 0 3 -0.187300753023547 0.938229807792232
1 1 1 1 0 1 0.759541134881119 0.938672314723954
1 1 1 2 1 2 1.27885927095517 1.0344486318063
1 0 0 1 0 0 0.36396382726632 0.904155286215246
2 1 0 1 2 3 0.883751604752836 1.06518846005201
2 1 1 1 2 0 1.24256337045334 0.944519864115864
0 1 0 1 0 0 1.00552416773524 0.931286213872954
1 1 0 1 2 1 0.669137353179952 1.04735600962304
1 1 -999 1 2 3 0.733126688024545 1.02644349182956
1 0 1 1 0 0 0.062133322153476 0.918046502862126
0 1 0 0 1 3 0.774392727400673 1.00513243773021
0 0 0 0 0 1 -0.151043553814232 0.989556284248829
0 1 1 1 0 2 0.793390673200191 0.922196914209053
0 0 1 2 2 2 -0.138370837562664 1.04221505490132
2 1 0 1 2 2 1.17448929440574 0.9118134544231
3 1 1 0 0 2 1.41191899447596 1.07460276670754
0 1 0 0 0 1 1.06176932672946 0.977370668388903
2 1 1 1 0 2 1.09487042454525 1.03149997643195
0 0 1 1 0 3 0.209308191660641 0.935845022602007
0 1 1 1 0 0 1.09348620025988 1.06221172749065
1 0 1 1 0 0 -0.098617466067111 1.09110388751142
0 1 1 1 0 0 1.56090597004158 1.05277582737617
0 0 0 0 0 2 0.0190411977077653 0.996448100777343
0 0 1 2 0 3 0.104290819655903 0.992023485060781
0 1 1 2 0 3 0.809774184424016 0.937007529987022
0 1 1 2 0 3 0.42987225562755 0.964158232230693
0 0 0 0 0 3 -0.23796961458884 1.09620502805337
0 1 0 2 0 3 0.97925684472324 1.02747469367459
0 1 0 2 0 3 0.549811869313841 0.984894622070715
0 0 1 2 1 2 -0.150544564283337 0.988715462572873
0 1 0 2 0 3 0.672542129697166 1.0283095525112
0 1 0 2 0 3 0.703301896344217 0.913528735842556
0 1 1 2 0 0 0.665490953572305 1.00849007861689
0 1 0 0 0 3 1.27112476818093 1.0704635316506
1 0 0 1 0 3 0.481967362174506 0.933282363740727
0 1 1 0 0 3 0.710839323692374 1.03074184851721
0 0 0 2 0 3 -0.271721980917489 1.06401346684434
0 0 0 2 0 3 -0.0069565479068947 0.946473501482978
1 1 0 2 0 1 1.49101984039107 0.984584536217153
0 1 1 2 0 3 1.01875523175444 0.937958927405998
0 1 1 2 1 3 0.94626139783004 1.09530911310576
0 1 1 2 0 3 1.02226925279678 1.07224679752253
0 1 1 2 0 3 1.03894174313753 1.03914131694473
0 1 1 2 0 1 1.16371383528726 0.92869268944487
0 0 0 2 0 1 0.175463952339675 0.932812533527613
0 1 1 2 2 0 1.05910539399356 0.97696979623288
0 1 0 2 0 1 1.13720171628369 1.02880694200285
0 1 1 2 0 3 1.05077038823177 1.00929152769968
0 1 1 0 2 3 1.04683081178421 0.91791205345653
0 0 0 2 0 2 -0.151116252366747 1.00525867077522
0 0 0 2 1 1 0.214312114862228 0.991513866605237
0 1 1 2 0 1 0.984156467298558 0.950133745511994
0 1 1 2 0 2 0.903891229542056 1.07223235373385
1 1 0 2 0 3 1.23411036142055 1.09172265869565
1 1 0 2 2 1 1.10718602311655 0.931963194115087
0 1 0 2 2 3 1.44742213575401 0.901117034861818
0 1 0 2 0 1 0.943597115337973 0.909388655656949
0 1 0 2 0 3 1.28547071863299 1.03901635752991
0 0 1 2 0 3 -0.0555880020305919 0.980604252871126
0 1 0 2 0 3 1.67033996481225 1.01127612511627
0 1 1 2 0 3 0.579665672308888 1.09160724282265
0 0 0 2 0 3 -0.226044332618419 0.963050974486396
0 0 0 2 0 0 0.0631678047018615 0.958791136275977
0 1 0 2 2 3 0.579263920124686 0.983673501992598
0 1 1 1 1 3 1.69765104542963 1.01766479387879
1 1 1 2 0 3 0.7775150397604 0.933912474056706
1 1 1 2 0 0 0.697313254264234 0.977624261472374
0 1 1 2 0 3 1.18984214491681 1.07905890583061
0 1 0 2 0 3 1.30201474391994 0.925962534546852
0 1 1 2 0 3 0.653312870538253 0.934358272189274
0 1 0 2 0 3 1.20053707297972 1.07485131123103
1 1 1 0 1 3 1.22533727806187 0.903057783376426
0 1 0 2 0 3 1.155526856551 0.99094965099357
0 1 0 2 2 2 0.959269707690164 1.08123962637037
0 0 1 2 0 3 -0.0844898984435729 0.985809131059796
0 0 0 2 0 3 -0.0742404014835466 0.961656368570402
0 1 1 2 1 3 0.862579242429034 0.963278264086694
0 1 0 2 0 3 0.961294955719968 1.0456765608862
0 1 0 2 0 3 1.21423757282381 1.02441950715147
0 1 0 0 0 3 1.18467848506109 1.07650088910013
1 1 1 2 0 3 1.1668755609278 1.01090224706568
0 1 1 2 2 0 1.12907498896957 0.903736608847976
0 1 0 2 0 3 1.12783983303418 0.919026816869155
0 -999 0 2 0 0 0.0303230886461559 0.906351399002597
0 1 1 2 0 3 1.00227167913675 1.02991020749323
0 1 0 2 0 3 0.951759286552893 1.01431346843019
0 0 0 2 0 3 0.0230269150447499 1.02655748291872
1 0 1 0 0 3 0.160025267608189 1.07316115670837
0 1 1 2 0 1 0.790308189861113 1.01598507123999
0 1 0 2 0 3 0.981127924887945 0.96707855509594
0 1 0 2 0 1 1.05560102556661 0.99108270155266
0 1 1 2 0 3 1.04895178652663 0.989776575844735
0 1 0 1 0 3 0.759291374332963 1.0055300058797
0 0 0 1 0 1 0.263465176045135 1.02065279842354
1 1 1 2 0 3 1.22827606837265 0.935657911933959
0 0 0 2 0 3 0.0398166683207944 0.974026762600988
0 1 0 2 0 1 1.08406838383375 1.0612123881001
0 1 1 2 0 3 0.84131937981522 0.95837579476647
0 1 0 2 0 3 0.909791286388385 1.08974018874578
0 0 0 2 2 3 -0.37504065323071 0.953639500495046
0 1 1 0 0 0 1.16011869889927 0.95250789783895
0 1 0 2 1 3 0.876882605386388 1.03822976276279
1 1 0 2 0 3 0.88978868022858 0.994770111655817
0 1 1 2 0 3 0.80205344512591 0.98846278078854
0 1 1 2 0 3 0.790003028810643 0.933570964401588
0 1 1 2 0 2 1.19011830642586 1.08403528532945
0 0 1 2 0 3 0.161989882527733 0.959030511975288
0 0 0 2 2 3 -0.248177894406405 0.9433115568012
0 1 1 2 1 3 0.783998870119472 0.975502890534699
0 0 1 1 0 3 -0.128878164962765 0.957496720878407
0 1 1 2 0 3 0.725137260462729 0.961996841430664
0 1 1 2 0 3 1.56425651921954 0.914069322543219
0 1 1 1 0 3 1.08128402517408 0.98507164712064
1 1 0 2 0 3 0.747537152348853 1.04559319056571
0 0 0 0 0 3 0.0888916427135457 1.08082242854871
1 1 1 2 0 1 1.12997913085306 1.05404741354287
0 1 0 2 2 3 0.809434862083255 0.917745982436463
0 1 0 2 0 1 1.33777789920616 1.07928778347559
0 1 0 2 0 3 1.39190953325887 1.01587006845511
0 1 1 2 0 3 1.2580482844158 1.0105713033583
0 1 0 2 0 3 0.686657433382912 1.07511294186115
0 1 0 2 0 3 0.683827226200478 0.914449962927029
0 1 1 2 0 3 0.841492277614401 0.956166852917522
0 1 0 2 1 3 0.755881063925823 0.951568537345156
0 1 0 2 1 3 1.02679323199059 0.976697462191805
0 1 0 2 0 2 0.5922755142636 0.949446499021724
0 1 1 2 0 3 1.4939526253761 0.937319358764216
1 1 0 1 1 3 0.789602288513567 0.919297962123528
0 1 0 2 0 3 0.83443659826174 0.950348335597664
0 1 1 2 0 3 0.584483439772853 1.04308031285182
0 1 0 1 0 3 0.789831750062059 1.00661240010522
0 1 0 2 0 0 0.530827888093412 0.92501030266285
0 1 1 2 1 3 1.54414638481087 0.99254082920961
0 1 0 2 2 2 1.09673586017994 1.07346592131071
1 1 0 2 0 3 0.860153358095423 0.996619475772604
0 1 1 0 0 3 1.03936289023491 0.93919792836532
1 1 0 2 2 3 0.872062089245821 1.02575019588694
0 1 1 2 0 3 1.39451889873644 0.954438728885725
0 1 0 2 1 2 0.631708083224794 1.07392425518483
0 0 1 2 0 3 0.0799509821422654 1.06130980025046
0 1 0 0 0 3 1.03808190903913 1.08383926949464
0 1 1 2 0 3 0.516672156630038 1.02031134180725
0 1 1 2 1 2 0.840875836204841 1.05141812260263
0 1 1 2 0 3 0.815838365445596 0.954958618152887
0 1 0 1 0 3 0.682602703450197 0.955976512329653
0 1 1 2 1 3 1.10972587613461 0.991636844538152
0 1 0 2 0 2 0.965642755866623 0.945866185054183
0 1 1 2 2 0 0.588762184941493 0.923016772419214
0 1 1 2 0 3 0.715239257318082 1.06185051454231
0 0 1 2 0 3 0.192502428227062 1.01455135992728
0 0 0 2 2 3 -0.041408900956413 1.04005679348484
0 0 0 1 0 3 -0.521668802548004 1.09443924836814
0 1 0 2 0 3 1.69328466628878 0.944587923260406
0 1 0 0 0 3 0.606644506988339 1.09493542537093
0 1 1 2 0 3 0.77842930329858 1.05184115264565
0 1 0 1 0 0 0.714600589106508 0.98818931253627
0 1 0 2 0 1 1.10108470889238 1.02500483342446
0 0 1 2 0 3 -0.0996679741868216 1.00173216713592
0 1 1 2 2 2 1.03651285845049 1.03449504892342
1 1 1 0 0 3 0.931613847475008 1.08972820290364
0 1 0 2 0 2 0.508977600313194 1.05472763483413
0 1 0 2 0 3 0.50640033209762 0.926945925410837
0 1 1 2 0 2 0.94517469320697 0.979817549698055
0 1 0 1 0 3 0.961966877757228 0.93801817460917
1 1 1 2 1 3 0.872854878940732 1.04110329900868
0 1 1 2 0 3 1.07698925789836 1.08775002760813
0 1 1 2 0 1 0.930583565251265 0.905179599300027
0 1 1 2 0 0 1.15315503365434 1.0697675277479
0 1 1 2 0 3 0.727220147124604 0.92725674523972
0 1 0 -999 2 2 1.07150431763846 1.0523515901994
0 1 0 2 1 3 1.18979572320026 0.943573017884046
0 1 0 2 1 1 0.832916502022518 1.04037639722228
