637
8
Variable1
Variable2
Variable3
Variable4
Variable5
Variable6
Variable7
Variable8
1
Confounder1
2 2 2 2 2 4 4 3
0 0 0 0 0 0 0 0
1 0 0 0 1 0 3 2 0 -0.0109172280667664
1 0 0 0 0 0 2 3 0 0.147687802109872
1 0 0 0 0 0 0 0 0 0.199647541040584
1 0 0 0 0 0 0 0 0 0.147687802109872
1 0 0 0 0 0 3 2 0 0.147687802109872
1 1 0 0 0 0 2 3 0 -0.237974678702112
1 0 0 0 0 1 2 1 0 0.174005110427246
1 0 0 0 0 1 2 2 0 0.174005110427246
1 0 0 0 0 1 0 0 0 0.0348923079645278
1 0 0 0 0 0 3 3 0 -0.199508397874316
1 1 0 0 0 0 3 3 0 0.174005110427246
1 0 0 0 0 0 0 0 0 -0.0922628675207182
1 0 0 0 0 0 3 3 0 -0.126749043591888
1 0 0 0 1 0 2 3 0 0.134264781777732
1 0 0 0 0 0 3 3 0 -0.0754557492043375
1 0 0 0 0 0 2 3 0 -0.532214151700052
1 0 0 0 -999 0 2 3 0 0.199647541040584
1 0 0 0 0 0 2 1 0 0.0348923079645278
1 0 0 0 0 0 1 -999 0 0.00458695846919888
1 0 0 0 1 0 2 3 0 -0.319652709716379
1 0 0 0 1 0 2 3 0 0.160933028859893
1 0 0 0 0 0 3 3 0 0.0786949306229214
1 0 0 0 0 0 0 0 0 -0.144448620691288
1 0 0 0 0 0 0 0 0 0.0348923079645278
1 0 0 0 0 0 0 0 0 0.049707393749669
1 0 0 0 1 0 0 0 1 -0.180816264862163
1 0 0 0 0 0 0 0 0 0.0928795656148775
1 1 0 0 0 0 1 3 0 -0.341158914937343
1 1 0 0 1 0 3 3 0 -0.126749043591888
1 0 0 0 0 0 3 3 0 -0.144448620691288
1 1 1 0 0 1 2 1 0 0.174005110427246
1 0 0 0 0 0 2 3 0 0.049707393749669
1 0 0 0 0 0 0 0 0 0.049707393749669
1 0 0 0 0 0 2 3 0 -0.0589264472531266
1 1 0 0 0 0 3 3 0 -0.162467126193967
1 0 0 0 0 0 0 0 0 0.0928795656148775
1 0 0 0 0 1 0 0 0 -0.0109172280667664
1 0 1 0 0 0 2 1 0 0.106865807589617
1 0 0 0 0 0 0 0 0 0.0198544305999873
1 0 0 0 0 0 1 2 0 -0.319652709716379
1 0 0 0 0 0 2 1 0 -0.126749043591888
1 0 0 0 0 0 3 3 0 -0.0109172280667664
1 0 0 0 1 1 0 0 0 0.106865807589617
1 0 0 0 0 0 0 0 0 -0.0589264472531266
1 0 0 0 0 0 3 2 0 0.049707393749669
1 0 0 0 0 0 3 3 0 -0.0754557492043375
1 0 0 0 0 0 0 0 0 0.186908515263154
1 0 0 0 0 0 2 3 0 -0.341158914937343
1 0 0 0 0 0 2 2 0 0.147687802109872
1 1 0 0 1 0 2 3 0 -0.0922628675207182
1 0 0 0 0 0 3 2 0 -0.109357300880019
1 0 0 0 0 0 2 3 0 -0.180816264862163
1 0 0 0 -999 0 3 2 0 -0.126749043591888
1 0 0 0 0 0 1 2 0 0.0643061931708218
1 0 0 0 0 0 1 3 0 -0.558882398782214
1 0 0 0 0 0 2 3 0 -0.0426659263813463
1 0 0 0 0 0 3 -999 0 0.0643061931708218
1 0 0 0 0 0 0 0 0 0.199647541040584
1 0 0 0 0 0 3 3 0 -0.0426659263813463
1 0 0 0 0 0 3 3 0 -0.0426659263813463
1 0 0 0 1 0 3 3 0 0.106865807589617
1 0 0 0 0 0 0 0 0 0.0198544305999873
1 0 0 0 0 0 0 0 0 0.0348923079645278
1 0 0 0 1 0 2 3 0 0.147687802109872
1 0 0 0 0 0 2 3 0 0.0928795656148775
1 0 0 0 0 0 3 3 1 0.0198544305999873
1 0 0 0 0 0 -999 -999 -999 0.0198544305999873
1 0 0 1 1 0 3 2 0 0.0786949306229214
1 0 0 0 0 0 1 -999 0 -0.237974678702112
1 0 0 0 0 0 3 3 0 -0.298599300518547
1 0 0 0 0 0 2 2 0 -0.480920857312502
1 0 0 1 0 0 2 3 0 -0.0589264472531266
1 0 0 0 0 0 2 3 0 -0.144448620691288
1 1 0 0 1 1 1 2 0 0.120659129721953
1 0 0 1 0 0 2 1 0 0.049707393749669
1 0 0 0 0 0 2 -999 0 -0.0266655850349053
1 0 0 1 0 0 2 2 0 0.049707393749669
1 0 0 0 0 0 3 3 0 0.147687802109872
1 0 0 0 0 0 0 0 0 -0.0426659263813463
1 1 0 0 0 1 3 -999 0 -0.162467126193967
1 0 0 0 0 0 0 0 0 0.186908515263154
1 0 0 0 0 0 2 2 0 0.049707393749669
1 0 0 1 0 0 2 2 0 -0.180816264862163
1 0 0 0 0 0 3 3 0 0.0348923079645278
1 0 0 0 0 0 2 3 0 0.0928795656148775
1 0 0 0 0 0 3 3 0 -0.144448620691288
1 1 0 0 0 0 0 0 1 -0.109357300880019
1 0 0 0 1 0 0 0 0 0.0348923079645278
1 1 0 0 0 -999 0 0 0 0.0198544305999873
1 0 0 0 0 0 2 3 0 0.0348923079645278
1 0 0 0 0 0 3 -999 0 0.00458695846919888
1 0 0 0 0 0 0 0 1 -0.109357300880019
1 1 0 1 0 1 1 1 0 0.160933028859893
1 -999 0 0 -999 0 3 3 0 -0.162467126193967
1 0 0 0 0 0 2 3 0 -0.319652709716379
1 0 0 0 0 0 2 1 0 0.147687802109872
1 0 0 0 0 0 3 3 0 -0.126749043591888
1 0 0 0 0 0 0 0 0 -0.218556592845010
1 0 0 0 0 0 0 0 0 0.106865807589617
1 0 0 0 0 0 2 3 0 0.0643061931708218
1 0 0 0 0 0 0 0 0 0.0928795656148775
1 0 1 0 0 0 0 0 0 0.120659129721953
1 0 0 0 0 0 3 3 0 -0.162467126193967
1 0 0 0 0 0 2 3 0 0.120659129721953
1 0 0 0 0 0 2 3 0 -0.218556592845010
1 0 0 0 0 0 3 3 0 0.147687802109872
1 0 0 0 0 0 3 3 0 0.049707393749669
1 0 0 0 0 0 3 2 0 0.120659129721953
1 0 0 0 0 1 2 3 0 -0.237974678702112
1 1 0 0 0 1 0 0 0 0.134264781777732
1 1 0 0 0 0 3 3 0 0.199647541040584
1 0 0 0 1 0 3 2 1 0.186908515263154
1 0 0 0 0 0 0 0 0 0.134264781777732
1 0 0 0 0 0 0 0 0 0.049707393749669
1 1 1 0 -999 0 3 3 0 0.160933028859893
1 0 0 0 0 0 1 1 0 -0.199508397874316
1 0 0 0 0 0 2 2 0 -0.298599300518547
1 1 0 0 0 0 2 2 0 -0.144448620691288
1 0 0 0 0 0 2 -999 0 -0.144448620691288
1 0 0 0 0 0 2 2 0 0.0643061931708218
1 0 0 0 0 0 3 3 0 0.120659129721953
1 0 0 1 0 1 3 3 0 -0.126749043591888
1 0 0 0 0 0 0 0 0 0.160933028859893
1 0 0 0 1 0 0 0 0 0.0348923079645278
1 0 0 1 0 0 3 3 0 -0.109357300880019
1 0 0 0 0 0 2 3 0 -0.319652709716379
1 0 0 0 0 0 2 2 0 -0.0922628675207182
1 0 0 0 0 0 0 0 0 0.0928795656148775
1 0 0 0 0 0 3 2 0 0.186908515263154
1 0 0 0 1 0 3 3 0 -0.0589264472531266
1 1 1 0 0 0 3 3 0 0.106865807589617
1 1 0 0 0 0 3 3 0 0.147687802109872
1 1 0 1 0 1 2 3 0 0.0198544305999873
1 1 0 0 0 0 1 1 0 0.106865807589617
1 0 0 0 0 0 3 3 1 -0.0266655850349053
1 1 0 0 1 0 3 3 0 0.120659129721953
1 0 0 0 0 0 2 3 0 -0.298599300518547
1 0 0 0 0 0 2 3 0 -0.180816264862163
1 0 0 1 0 0 0 0 0 -0.109357300880019
1 0 0 0 0 0 1 1 0 -0.180816264862163
1 0 1 0 0 0 2 -999 0 0.0643061931708218
1 0 0 0 1 0 0 0 0 -0.0426659263813463
1 0 0 0 1 0 1 2 1 -0.199508397874316
1 0 0 0 0 0 2 3 0 -0.0754557492043375
1 1 0 0 -999 0 3 -999 0 0.0786949306229214
1 0 0 0 0 0 1 1 0 -0.298599300518547
1 1 0 0 0 0 3 3 0 0.00458695846919888
1 0 0 0 0 0 3 3 0 0.0643061931708218
1 0 0 0 1 0 2 3 0 0.147687802109872
1 1 0 0 1 1 2 2 0 0.049707393749669
1 1 0 0 -999 0 3 3 0 -0.144448620691288
1 0 0 0 0 0 2 1 0 0.134264781777732
1 1 0 0 1 0 2 -999 0 0.049707393749669
1 0 0 0 0 0 2 3 1 -0.298599300518547
1 1 0 0 0 0 2 2 1 0.106865807589617
1 1 0 0 1 0 2 3 0 0.160933028859893
1 0 0 0 0 0 2 2 0 -0.0109172280667664
1 0 0 0 0 0 3 1 0 0.106865807589617
1 0 0 0 0 0 0 0 0 0.0928795656148775
1 0 0 0 0 0 3 2 0 0.106865807589617
1 0 0 0 0 0 0 0 0 0.199647541040584
1 0 0 0 0 0 2 3 0 -0.257777305998292
1 0 0 0 0 0 3 3 0 -0.0589264472531266
1 0 0 0 1 0 3 3 0 -0.0426659263813463
1 0 0 0 0 0 0 0 0 0.134264781777732
1 0 0 0 0 0 0 0 0 0.049707393749669
1 0 0 0 0 0 2 -999 0 0.212226323247443
1 1 0 0 0 0 3 3 0 0.160933028859893
1 0 0 0 0 0 0 0 0 0.160933028859893
1 0 0 0 0 0 0 0 0 -0.0109172280667664
1 0 0 0 0 0 2 2 0 -0.144448620691288
1 1 1 0 1 0 3 3 0 0.0928795656148775
1 0 0 0 0 0 0 0 0 0.049707393749669
1 0 0 0 0 0 0 0 0 0.174005110427246
1 0 0 0 0 0 2 2 0 -0.257777305998292
1 0 0 0 0 0 0 0 1 0.186908515263154
1 0 0 0 0 0 2 3 0 0.0786949306229214
1 0 0 0 0 0 2 3 0 -0.319652709716379
1 0 0 0 0 0 1 3 0 -0.0922628675207182
1 0 0 0 0 0 3 3 0 -0.0426659263813463
1 0 0 0 0 0 2 2 0 0.147687802109872
1 0 0 0 0 0 3 3 0 -0.109357300880019
1 -999 0 0 0 0 2 3 0 0.186908515263154
1 0 0 0 0 0 3 3 0 0.0643061931708218
1 0 0 0 0 0 3 3 0 0.0348923079645278
1 1 0 0 1 0 2 3 0 0.199647541040584
1 0 0 0 0 0 0 0 0 0.212226323247443
1 1 0 0 0 0 2 3 0 0.00458695846919888
1 0 0 0 0 0 2 2 0 0.0348923079645278
1 0 0 0 0 0 1 1 0 0.174005110427246
1 0 0 0 0 0 2 3 0 0.0348923079645278
1 0 0 0 0 0 3 3 0 0.174005110427246
1 0 0 0 0 0 3 3 0 0.212226323247443
1 0 0 0 0 0 1 1 0 -0.0922628675207182
1 0 0 0 0 0 2 2 0 0.0928795656148775
1 0 0 0 0 0 0 0 0 -0.162467126193967
1 -999 0 0 0 -999 2 3 0 0.0643061931708218
1 0 0 0 1 0 2 3 0 0.0786949306229214
1 0 0 0 0 0 2 -999 0 -0.0589264472531266
1 0 0 0 0 0 3 3 0 0.049707393749669
1 0 0 0 0 0 2 2 0 0.147687802109872
1 0 0 0 1 0 3 3 1 0.160933028859893
1 0 0 0 0 0 2 3 0 -0.277980013315811
1 0 0 0 0 0 3 3 0 0.0928795656148775
1 0 0 0 0 0 0 0 0 0.0198544305999873
1 0 0 0 1 0 0 0 0 0.0198544305999873
1 0 0 0 0 0 2 -999 0 0.134264781777732
1 1 0 0 1 1 1 1 0 0.0786949306229214
1 0 0 0 0 0 2 2 0 -0.257777305998292
1 0 0 0 -999 0 2 -999 0 0.0348923079645278
1 0 0 0 0 0 3 3 0 -0.126749043591888
1 0 0 0 0 0 2 3 0 0.147687802109872
1 0 0 0 0 0 2 3 0 -0.218556592845010
1 0 1 0 0 0 0 0 0 -0.0426659263813463
1 1 0 0 1 0 1 1 0 0.160933028859893
1 0 0 0 0 0 0 0 0 0.186908515263154
1 0 0 0 0 0 3 3 0 0.120659129721953
1 0 0 0 1 0 2 -999 0 0.147687802109872
1 0 0 0 0 0 2 3 0 -0.0754557492043375
1 0 0 0 0 1 0 0 0 -0.341158914937343
1 0 0 0 0 0 3 3 0 0.0348923079645278
1 0 0 0 0 0 0 0 0 -0.0754557492043375
1 0 0 0 1 0 2 3 0 -0.237974678702112
1 1 0 0 0 0 3 3 0 0.199647541040584
1 0 0 0 0 0 2 3 0 0.160933028859893
1 0 0 0 0 0 0 0 0 0.0786949306229214
1 0 0 0 0 0 2 3 0 0.134264781777732
1 0 0 0 0 0 3 3 0 -0.0922628675207182
1 0 0 0 0 0 2 1 0 0.199647541040584
1 0 0 0 0 0 0 0 0 -0.0426659263813463
1 0 0 0 0 0 2 -999 0 0.0198544305999873
1 1 0 0 0 0 1 1 0 0.160933028859893
1 0 0 0 1 0 3 3 0 0.106865807589617
1 -999 0 0 0 0 -999 -999 -999 0.186908515263154
1 0 0 0 0 0 3 3 0 0.199647541040584
1 0 0 0 1 0 3 3 0 0.0928795656148775
1 1 0 0 0 0 3 3 0 0.00458695846919888
1 0 0 0 0 0 3 3 0 -0.0266655850349053
1 1 1 0 0 0 0 0 0 0.134264781777732
1 1 0 0 -999 0 3 2 0 0.0348923079645278
1 0 0 0 0 0 1 1 0 0.120659129721953
1 0 0 0 0 0 3 3 0 0.212226323247443
1 0 0 0 1 0 2 3 0 -0.0922628675207182
1 1 0 0 1 1 3 3 0 0.134264781777732
1 0 0 0 0 0 3 3 0 -0.180816264862163
1 0 0 0 0 0 2 2 0 0.212226323247443
1 1 0 0 0 0 2 3 0 -0.0266655850349053
1 0 0 0 0 0 2 2 0 -0.0109172280667664
1 0 0 0 0 0 0 0 0 -0.385610677508177
1 0 0 0 0 0 0 0 0 0.00458695846919888
1 1 0 0 0 1 0 0 0 0.00458695846919888
1 0 0 0 0 0 1 2 0 -0.144448620691288
1 0 0 0 1 0 2 3 0 0.186908515263154
1 0 0 0 0 0 3 3 0 -0.180816264862163
1 0 0 0 0 0 2 2 0 0.160933028859893
1 0 0 0 1 0 1 1 0 0.147687802109872
1 0 1 1 1 0 2 3 0 0.186908515263154
1 0 0 0 0 0 0 0 0 -0.363137821656118
1 0 0 0 0 0 1 3 0 0.134264781777732
1 1 0 0 0 0 2 3 0 0.212226323247443
1 0 0 0 0 0 2 -999 0 0.0198544305999873
1 0 0 0 0 0 2 3 0 -0.0266655850349053
1 1 0 0 1 0 3 3 0 0.147687802109872
1 0 0 0 0 0 2 3 0 0.120659129721953
1 0 0 0 0 0 2 2 0 -0.126749043591888
1 0 0 0 0 0 0 0 0 0.106865807589617
1 0 0 0 0 0 0 0 2 0.174005110427246
1 0 0 0 0 1 2 2 0 -0.0754557492043375
1 0 0 0 0 0 1 -999 0 -0.257777305998292
1 0 0 0 0 0 2 2 0 -0.162467126193967
1 0 0 0 1 0 1 1 0 -0.109357300880019
1 0 0 0 0 0 3 3 0 0.0198544305999873
1 0 0 0 0 0 3 3 0 0.160933028859893
1 1 0 0 1 1 3 3 0 0.120659129721953
1 0 0 0 1 0 0 0 0 0.106865807589617
1 -999 0 0 0 0 3 3 0 0.134264781777732
1 0 0 0 -999 0 3 3 0 0.106865807589617
1 1 0 0 0 1 3 3 0 -0.0109172280667664
1 1 0 0 1 0 2 3 0 -0.0922628675207182
1 1 0 0 0 0 3 3 0 0.134264781777732
1 0 0 0 0 0 3 2 0 0.174005110427246
1 0 0 0 0 0 2 2 0 0.0643061931708218
1 0 0 0 0 0 0 0 0 0.186908515263154
1 0 0 0 0 0 3 3 0 -0.126749043591888
1 0 0 0 0 0 0 0 0 -0.277980013315811
1 0 0 0 0 1 2 -999 0 -0.0922628675207182
1 0 0 0 0 0 2 3 0 -0.43213069314307
1 0 0 0 0 0 2 3 0 -0.0922628675207182
0 0 0 0 0 0 0 0 0 0.0348923079645278
0 0 0 0 0 0 0 0 0 -0.0266655850349053
0 0 0 0 0 0 1 3 0 -0.363137821656118
0 0 0 0 0 0 2 3 0 0.120659129721953
0 0 0 0 0 0 0 0 0 0.147687802109872
0 0 0 0 0 0 0 0 0 0.147687802109872
0 0 0 0 0 0 2 3 0 -0.237974678702112
0 0 0 0 0 0 0 0 0 -0.0589264472531266
0 0 0 0 0 0 1 1 0 0.199647541040584
0 0 0 0 0 0 0 0 0 -0.532214151700052
0 0 0 0 1 0 0 0 0 0.0786949306229214
0 0 0 0 0 0 0 0 0 0.134264781777732
0 0 0 0 0 0 2 3 0 -0.0922628675207182
0 0 0 0 0 0 0 0 0 -0.0754557492043375
0 0 0 0 0 0 3 3 0 0.049707393749669
0 0 0 0 0 0 0 0 0 -0.144448620691288
0 0 0 0 0 0 2 3 0 -0.237974678702112
0 0 0 0 0 0 0 0 0 0.160933028859893
0 1 0 0 1 0 0 0 0 -0.0266655850349053
0 0 0 0 0 0 0 0 0 0.0348923079645278
0 0 0 0 0 0 -999 -999 -999 0.106865807589617
0 0 0 0 0 0 0 0 0 0.00458695846919888
0 0 0 0 0 0 0 0 0 0.106865807589617
0 0 0 0 1 0 0 0 0 -0.0922628675207182
0 0 0 0 0 0 0 0 0 0.0786949306229214
0 0 0 0 0 0 0 0 0 0.049707393749669
0 1 0 0 1 0 2 3 0 -0.144448620691288
0 0 0 0 1 0 1 2 0 0.134264781777732
0 0 0 0 0 0 1 3 0 -0.0589264472531266
0 0 0 0 0 0 0 0 0 0.134264781777732
0 0 0 0 0 0 0 0 0 0.106865807589617
0 0 0 0 0 0 -999 -999 -999 0.0928795656148775
0 0 0 0 0 0 0 0 0 -0.180816264862163
0 1 0 1 1 0 0 0 0 0.0643061931708218
0 0 0 0 1 0 0 0 0 0.0928795656148775
0 0 0 0 0 0 0 0 0 0.174005110427246
0 0 0 0 0 0 2 3 0 -0.162467126193967
0 0 0 0 0 0 0 0 0 0.0198544305999873
0 0 0 0 0 0 1 1 0 -0.218556592845010
0 0 0 0 0 0 2 1 0 -0.385610677508177
0 0 0 0 0 0 2 3 0 0.0198544305999873
0 0 0 0 0 0 0 0 0 0.147687802109872
0 0 0 0 0 0 1 3 1 -0.126749043591888
0 0 0 0 1 0 2 2 0 0.00458695846919888
0 0 0 0 0 0 1 2 1 0.00458695846919888
0 0 0 0 0 0 2 3 0 0.0786949306229214
0 0 0 0 1 0 2 3 0 0.199647541040584
0 0 0 0 0 0 0 0 0 0.0643061931708218
0 0 0 0 0 0 0 0 0 0.106865807589617
0 1 0 0 1 0 2 2 0 -0.0589264472531266
0 0 0 0 0 0 2 1 0 0.049707393749669
0 0 0 0 0 0 0 0 0 0.0786949306229214
0 0 0 0 0 0 0 0 0 0.0348923079645278
0 0 0 0 0 0 0 0 0 0.00458695846919888
0 0 0 0 0 0 2 2 0 0.174005110427246
0 0 0 0 1 0 0 0 0 -0.109357300880019
0 0 0 0 0 0 0 0 0 0.0348923079645278
0 0 0 0 0 0 0 0 0 -0.144448620691288
0 0 0 0 0 0 3 3 0 -0.144448620691288
0 0 0 0 0 0 0 0 0 0.186908515263154
0 0 0 0 0 0 0 0 0 0.147687802109872
0 0 0 0 0 0 0 0 0 0.147687802109872
0 0 0 0 0 0 2 1 0 0.106865807589617
0 0 0 0 0 0 3 3 0 -0.109357300880019
0 0 0 0 0 0 0 0 2 0.0643061931708218
0 0 0 0 0 0 0 0 1 -0.341158914937343
0 0 0 0 0 0 1 1 0 0.00458695846919888
0 0 0 0 0 0 0 0 0 0.174005110427246
0 0 0 0 1 0 1 2 0 0.147687802109872
0 0 0 0 0 0 2 3 0 0.0786949306229214
0 0 0 0 0 0 0 0 0 0.174005110427246
0 0 0 0 0 1 0 0 0 0.199647541040584
0 0 0 0 0 0 0 0 0 -0.144448620691288
0 0 1 0 0 0 0 0 1 0.106865807589617
0 0 0 0 0 0 0 0 0 -0.0109172280667664
0 0 0 0 1 0 3 3 0 0.174005110427246
0 0 0 0 0 0 2 2 0 -0.257777305998292
0 0 0 1 0 0 0 0 0 0.106865807589617
0 0 0 0 0 0 2 3 0 0.174005110427246
0 0 0 0 0 0 0 0 0 -0.109357300880019
0 0 0 0 0 0 1 3 0 -0.298599300518547
0 0 0 0 1 0 0 0 0 -0.162467126193967
0 0 0 0 1 0 0 0 0 0.0348923079645278
0 0 0 0 0 0 0 0 0 0.0348923079645278
0 0 0 0 0 0 0 0 0 -0.162467126193967
0 0 0 0 1 0 0 0 2 0.160933028859893
0 0 0 0 1 1 0 0 0 -0.0109172280667664
0 0 0 0 0 1 2 2 0 0.160933028859893
0 0 0 0 0 0 0 0 0 -0.319652709716379
0 0 1 0 0 0 0 0 0 0.134264781777732
0 0 0 1 1 0 0 0 0 0.0643061931708218
0 0 0 0 0 0 0 0 0 0.199647541040584
0 0 0 0 0 0 0 0 0 0.120659129721953
0 0 1 0 0 0 1 3 0 -0.0922628675207182
0 0 0 0 0 0 1 1 0 0.0198544305999873
0 0 0 0 0 0 0 0 0 -0.0426659263813463
0 0 0 1 0 0 1 2 0 0.0643061931708218
0 0 0 0 0 0 1 3 0 0.00458695846919888
0 0 0 0 0 0 0 0 0 0.186908515263154
0 0 0 0 0 0 1 1 0 -0.586281372970328
0 0 0 0 0 0 2 3 0 -0.0266655850349053
0 0 0 0 0 1 0 0 0 -0.126749043591888
0 0 0 0 0 0 0 0 0 -0.144448620691288
0 0 0 0 0 0 2 2 0 -0.126749043591888
0 0 0 0 0 0 0 0 0 0.0786949306229214
0 0 0 0 0 0 1 2 0 -0.341158914937343
0 0 0 0 0 0 0 0 0 -0.532214151700052
0 0 0 0 0 0 0 0 0 0.106865807589617
0 0 0 0 0 0 0 0 0 0.00458695846919888
0 0 0 0 0 0 0 0 0 -0.109357300880019
0 0 0 0 0 0 0 0 0 0.186908515263154
0 0 0 0 0 0 2 3 0 -0.0754557492043375
0 1 0 0 0 1 3 3 0 -0.0754557492043375
0 1 0 1 1 1 0 0 0 0.160933028859893
0 0 0 0 0 0 0 0 0 -0.109357300880019
0 0 0 0 0 0 1 1 0 0.160933028859893
0 0 0 0 0 0 0 0 0 0.106865807589617
0 0 0 0 0 0 2 1 0 -0.162467126193967
0 0 0 0 0 0 0 0 0 0.106865807589617
0 0 0 0 0 0 0 0 0 -0.162467126193967
0 1 0 0 1 0 3 3 0 0.0198544305999873
0 0 0 0 0 0 0 0 0 -0.0266655850349053
0 0 0 0 0 0 2 3 0 -0.180816264862163
0 0 0 0 0 0 0 0 0 0.049707393749669
0 0 0 0 0 0 1 1 0 -0.109357300880019
0 0 0 0 0 0 2 2 0 0.0643061931708218
0 0 0 0 0 0 1 2 0 -0.0754557492043375
0 0 0 0 0 0 0 0 0 0.174005110427246
0 0 0 0 0 0 1 1 0 0.049707393749669
0 0 0 0 0 0 0 0 0 -0.0266655850349053
0 0 1 0 1 1 0 0 0 0.049707393749669
0 0 0 0 0 0 1 3 0 -0.109357300880019
0 0 0 0 0 0 0 0 0 -0.180816264862163
0 0 0 0 0 0 0 0 0 0.0348923079645278
0 0 0 1 0 0 3 3 0 0.120659129721953
0 0 0 0 0 0 1 1 0 0.00458695846919888
0 0 0 0 0 0 0 0 0 0.120659129721953
0 0 0 0 0 1 1 1 1 0.120659129721953
0 0 0 0 1 0 1 3 0 0.0643061931708218
0 0 0 0 0 0 1 2 0 0.134264781777732
0 0 0 0 0 0 0 0 0 -0.341158914937343
0 0 0 0 0 0 0 0 0 0.134264781777732
0 0 0 0 0 0 1 1 0 0.106865807589617
0 0 0 0 0 0 3 2 0 0.134264781777732
0 0 0 0 0 0 0 0 0 0.186908515263154
0 0 0 0 0 0 0 0 0 0.0348923079645278
0 0 0 0 0 0 3 2 0 0.174005110427246
0 0 0 0 1 0 0 0 2 -0.144448620691288
0 0 0 0 0 0 2 3 0 0.160933028859893
0 0 0 0 0 0 0 0 0 -0.144448620691288
0 0 0 0 0 0 2 3 0 0.174005110427246
0 0 1 0 0 0 0 0 0 -0.0754557492043375
0 0 0 0 0 0 1 3 0 0.0643061931708218
0 0 0 0 0 0 0 0 0 0.106865807589617
0 0 0 0 0 0 1 1 0 0.174005110427246
0 1 0 0 1 1 0 0 0 0.106865807589617
0 0 0 0 0 0 2 3 0 -0.0426659263813463
0 0 0 0 0 0 0 0 0 0.199647541040584
0 0 0 0 0 0 0 0 1 0.160933028859893
0 0 0 0 0 0 0 0 0 -0.144448620691288
0 -999 1 0 0 1 1 1 0 0.199647541040584
0 0 0 0 0 0 0 0 0 0.174005110427246
0 0 0 0 0 0 3 3 0 -0.0589264472531266
0 0 0 0 0 0 0 0 0 0.199647541040584
0 0 0 0 0 0 0 0 0 -0.0754557492043375
0 0 0 0 0 0 2 3 0 -0.0589264472531266
0 0 0 0 0 0 2 2 0 0.049707393749669
0 0 0 0 0 0 0 0 0 0.0928795656148775
0 -999 0 0 1 0 0 0 0 0.0198544305999873
0 0 0 0 0 0 2 3 0 -0.109357300880019
0 0 0 0 1 0 1 2 0 0.0198544305999873
0 0 0 -999 0 0 1 1 0 -0.0589264472531266
0 -999 0 0 0 0 3 3 0 -0.0922628675207182
0 0 0 0 0 0 0 0 0 -0.0109172280667664
0 0 0 0 0 0 0 0 0 0.0198544305999873
0 0 0 0 0 0 0 0 0 0.106865807589617
0 0 0 0 1 0 1 2 0 0.147687802109872
0 0 0 0 0 0 0 0 0 0.160933028859893
0 0 0 0 0 0 2 2 0 0.0786949306229214
0 0 0 0 0 0 0 0 0 0.049707393749669
0 0 0 0 0 0 1 1 0 -0.199508397874316
0 0 0 0 0 0 2 3 0 -0.0589264472531266
0 0 0 0 0 0 0 0 0 0.0786949306229214
0 0 0 0 1 0 1 1 0 -0.0266655850349053
0 0 0 0 0 0 0 0 0 -0.109357300880019
0 0 0 0 0 0 0 0 1 0.120659129721953
0 0 0 0 0 0 0 0 1 0.049707393749669
0 0 0 0 0 0 0 0 0 0.049707393749669
0 0 0 0 0 0 0 0 0 0.106865807589617
0 0 0 0 0 0 0 0 0 -0.144448620691288
0 0 0 0 1 0 0 0 0 -0.277980013315811
0 0 0 0 0 0 1 3 0 -0.218556592845010
0 0 0 0 0 0 1 3 0 0.00458695846919888
0 0 0 0 0 0 0 0 0 -0.144448620691288
0 0 0 0 0 0 0 0 0 0.106865807589617
0 0 0 0 0 0 1 1 0 -0.0922628675207182
0 0 0 0 1 1 0 0 0 -0.0922628675207182
0 -999 0 0 0 0 2 3 0 0.106865807589617
0 0 0 0 0 0 0 0 0 0.106865807589617
0 0 0 0 1 0 0 0 0 0.199647541040584
0 0 0 0 0 0 3 3 0 0.174005110427246
0 0 0 0 0 0 0 0 0 -0.109357300880019
0 0 0 0 0 0 0 0 0 0.147687802109872
0 0 0 0 1 0 1 1 1 0.0928795656148775
0 0 0 0 0 0 2 2 0 0.0643061931708218
0 0 0 0 0 0 0 0 0 0.186908515263154
0 0 0 0 0 0 2 2 0 0.0928795656148775
0 1 0 0 1 0 3 3 0 0.0786949306229214
0 0 0 0 1 0 1 -999 0 0.00458695846919888
0 0 0 0 0 0 0 0 0 -0.126749043591888
0 0 0 0 0 0 0 0 0 0.160933028859893
0 0 0 0 0 0 0 0 1 0.0928795656148775
0 0 0 0 0 0 0 0 0 0.199647541040584
0 0 0 1 0 0 0 0 0 0.0928795656148775
0 0 0 0 1 0 3 3 0 0.049707393749669
0 0 0 0 0 0 0 0 0 -0.0109172280667664
0 0 0 0 0 0 0 0 0 -0.126749043591888
0 0 0 0 0 0 0 0 0 -0.0266655850349053
0 0 0 0 0 0 1 2 0 0.147687802109872
0 0 0 0 0 0 0 0 0 0.186908515263154
0 0 0 0 1 0 0 0 0 0.0786949306229214
0 0 0 0 1 0 0 0 0 0.0786949306229214
0 0 0 0 0 0 0 0 0 -0.257777305998292
0 0 0 0 0 0 0 0 0 0.00458695846919888
0 0 0 0 0 0 0 0 0 0.199647541040584
0 0 0 0 0 0 0 0 0 -0.0922628675207182
0 0 0 0 0 0 0 0 0 0.199647541040584
0 1 1 0 1 0 0 0 0 0.0643061931708218
0 0 0 0 0 0 0 0 0 -0.0754557492043375
0 0 0 0 0 0 0 0 0 -0.199508397874316
0 0 0 0 0 0 0 0 0 -0.180816264862163
0 0 0 0 0 0 1 1 0 -0.0754557492043375
0 0 0 0 0 -999 0 0 0 -0.0109172280667664
0 0 0 0 0 0 1 1 0 0.160933028859893
0 0 0 0 1 0 1 1 0 0.049707393749669
0 0 0 0 -999 0 2 3 0 0.120659129721953
0 1 0 0 0 1 0 0 1 0.160933028859893
0 0 0 0 0 0 0 0 0 -0.0754557492043375
0 0 0 1 0 0 3 3 0 -0.126749043591888
0 0 0 0 0 0 0 0 0 -0.109357300880019
0 0 0 0 -999 0 0 0 0 0.0786949306229214
0 0 0 0 0 0 2 3 0 -0.257777305998292
0 0 0 0 0 0 2 2 0 -0.218556592845010
0 0 0 0 0 0 0 0 0 -0.532214151700052
0 0 0 0 0 0 2 1 0 -0.218556592845010
0 0 0 0 0 0 0 0 0 -0.162467126193967
0 0 0 0 0 0 2 2 2 0.0348923079645278
0 0 0 0 0 0 2 3 0 -0.319652709716379
0 0 0 0 1 0 2 3 0 -0.180816264862163
0 0 0 0 0 0 2 3 0 0.0198544305999873
0 1 0 0 1 0 2 3 0 -0.0266655850349053
0 0 0 0 -999 0 1 1 0 0.049707393749669
0 0 0 0 0 0 2 2 0 0.049707393749669
0 1 0 0 0 1 2 2 0 0.0928795656148775
0 0 0 0 0 0 0 0 0 0.00458695846919888
0 0 0 0 0 0 0 0 1 0.160933028859893
0 0 0 0 0 0 0 0 0 -0.126749043591888
0 0 0 0 0 0 0 0 0 -0.218556592845010
0 0 0 0 0 0 0 0 0 -0.126749043591888
0 0 0 0 0 0 2 1 0 -0.0426659263813463
0 0 0 0 1 0 0 0 0 0.212226323247443
0 0 0 0 0 0 1 1 0 0.120659129721953
0 0 0 0 0 1 0 0 0 0.049707393749669
0 0 0 0 1 1 0 0 0 0.00458695846919888
0 0 0 0 0 0 1 1 0 -0.0109172280667664
0 0 0 0 0 0 2 2 0 -0.341158914937343
0 0 0 0 0 0 0 0 0 -0.0426659263813463
0 0 0 0 0 0 2 3 1 -0.257777305998292
0 1 1 0 1 0 2 3 0 -0.0109172280667664
0 0 0 0 0 0 3 2 0 0.120659129721953
0 0 0 0 0 0 2 3 0 -0.144448620691288
0 0 1 0 1 0 0 0 0 0.212226323247443
0 0 0 0 0 0 2 -999 0 -0.144448620691288
0 0 0 0 1 0 0 0 0 0.0643061931708218
0 0 0 0 0 0 0 0 0 0.0348923079645278
0 0 0 0 0 0 3 3 0 0.186908515263154
0 0 0 0 0 0 3 3 0 0.0643061931708218
0 0 0 0 0 0 0 0 0 -0.532214151700052
0 0 0 0 1 0 1 1 0 0.0348923079645278
0 0 0 0 0 0 0 0 0 -0.0266655850349053
0 0 0 0 0 0 -999 -999 -999 0.174005110427246
0 0 0 0 0 0 0 0 0 0.049707393749669
0 0 0 0 0 0 0 0 0 0.0348923079645278
0 0 0 0 0 0 2 3 0 -0.277980013315811
0 0 0 0 0 0 1 3 0 -0.237974678702112
0 0 0 0 0 0 0 0 1 0.0643061931708218
0 0 0 0 1 0 0 0 0 -0.126749043591888
0 0 0 0 0 0 0 0 1 0.199647541040584
0 0 0 0 0 0 0 0 0 0.0348923079645278
0 0 0 0 0 0 1 2 0 -0.0754557492043375
0 0 0 0 0 0 0 0 0 -0.144448620691288
0 0 0 0 0 0 0 0 0 0.00458695846919888
0 0 0 0 0 0 0 0 0 0.186908515263154
0 0 0 0 0 0 1 1 0 0.00458695846919888
0 0 0 0 0 0 3 2 0 0.0786949306229214
0 0 0 0 0 0 2 1 0 0.199647541040584
0 0 0 0 0 0 0 0 0 0.00458695846919888
0 0 0 0 0 0 1 3 0 -0.277980013315811
0 0 0 0 0 0 3 3 0 -0.0109172280667664
0 0 0 0 0 0 0 0 0 0.0348923079645278
0 0 0 0 0 0 0 0 0 0.120659129721953
0 0 0 0 0 0 0 0 0 0.199647541040584
0 0 0 0 0 0 1 1 0 -0.0922628675207182
0 0 0 0 0 0 -999 -999 -999 0.106865807589617
0 0 0 0 0 0 0 0 0 -0.109357300880019
0 0 0 0 0 0 0 0 0 0.00458695846919888
0 0 0 0 1 1 0 0 0 0.199647541040584
0 0 0 0 0 0 1 1 0 -0.298599300518547
0 0 0 0 0 0 0 0 0 0.0643061931708218
0 0 0 0 0 0 1 3 0 -0.109357300880019
0 0 0 0 1 0 1 1 0 0.0348923079645278
0 0 0 0 0 0 0 0 0 0.0198544305999873
0 0 0 0 0 0 2 3 0 0.120659129721953
0 0 0 0 0 0 1 2 0 -0.199508397874316
0 0 0 0 0 0 3 -999 0 -0.0922628675207182
0 0 0 0 0 0 0 0 0 0.00458695846919888
0 0 0 0 0 0 0 0 0 0.174005110427246
0 0 0 0 0 1 0 0 0 0.160933028859893
0 0 0 0 0 0 1 2 0 0.0348923079645278
0 0 0 0 1 0 0 0 0 -0.0109172280667664
0 1 0 0 1 1 1 3 0 0.0928795656148775
0 0 0 0 0 0 1 3 0 -0.237974678702112
0 0 0 0 0 0 1 1 0 -0.0922628675207182
0 0 0 0 0 0 0 0 0 -0.0922628675207182
0 0 0 0 0 0 0 0 0 0.0643061931708218
0 0 0 0 1 0 1 2 0 0.199647541040584
0 0 0 0 1 0 2 1 0 0.0786949306229214
0 0 0 0 0 0 2 3 0 0.00458695846919888
0 0 0 0 0 0 0 0 0 0.0348923079645278
0 0 0 0 1 0 1 1 0 0.160933028859893
0 0 0 0 0 0 0 0 0 -0.162467126193967
0 0 0 0 0 1 0 0 0 0.0928795656148775
0 0 0 0 1 0 2 3 0 0.0928795656148775
0 0 0 0 0 0 -999 -999 -999 -0.0426659263813463
0 0 0 0 0 0 2 3 0 0.160933028859893
0 0 0 0 0 0 2 3 0 0.120659129721953
0 0 0 0 0 0 0 0 0 0.049707393749669
0 0 0 0 0 0 1 3 0 -0.199508397874316
0 0 0 0 0 0 0 0 -999 -0.144448620691288
0 0 0 0 0 0 0 0 0 -0.218556592845010
0 0 0 1 1 0 0 0 0 0.00458695846919888
0 0 0 0 0 0 0 0 0 -0.237974678702112
0 0 0 0 0 0 0 0 0 -0.162467126193967
0 0 0 0 0 1 0 0 0 -0.0754557492043375
0 0 0 0 0 0 0 0 0 0.0928795656148775
0 0 0 0 1 0 0 0 1 -0.0109172280667664
0 0 0 0 0 0 1 2 0 -0.109357300880019
0 0 0 0 0 1 -999 -999 -999 0.160933028859893
0 0 0 0 0 0 0 0 0 -0.180816264862163
